# DeviceId=RIGOL TECHNOLOGIES,DS1104Z,DS1ZA164457681,00.04.02.SP3
# Sat Nov 22 16:48:00 2014
# Chan1: 0.2 V/unit + +26 V, Chan2: 0.04 V/unit +5.2 V
# Horiz: 4.99168e-05 sec/sample, Trigger: -0.03 sec
# Time (sec)     	Channel 1 (V)	Channel 2 (V)
-3.0000e-02	1.540e+01	3.080e+00
-2.9950e-02	-5.200e+00	-1.040e+00
-2.9900e-02	-5.600e+00	-1.120e+00
-2.9850e-02	-5.600e+00	-1.120e+00
-2.9800e-02	-5.200e+00	-1.040e+00
-2.9750e-02	-5.200e+00	-1.040e+00
-2.9700e-02	-5.600e+00	-1.120e+00
-2.9651e-02	-5.200e+00	-1.040e+00
-2.9601e-02	-5.600e+00	-1.120e+00
-2.9551e-02	-5.200e+00	-1.040e+00
-2.9501e-02	-5.600e+00	-1.120e+00
-2.9451e-02	-5.200e+00	-1.040e+00
-2.9401e-02	-5.600e+00	-1.120e+00
-2.9351e-02	-5.600e+00	-1.120e+00
-2.9301e-02	5.000e+00	1.000e+00
-2.9251e-02	5.000e+00	1.000e+00
-2.9201e-02	4.400e+00	8.800e-01
-2.9151e-02	4.400e+00	8.800e-01
-2.9101e-02	5.000e+00	1.000e+00
-2.9052e-02	4.400e+00	8.800e-01
-2.9002e-02	5.000e+00	1.000e+00
-2.8952e-02	4.400e+00	8.800e-01
-2.8902e-02	5.000e+00	1.000e+00
-2.8852e-02	5.000e+00	1.000e+00
-2.8802e-02	4.400e+00	8.800e-01
-2.8752e-02	4.400e+00	8.800e-01
-2.8702e-02	5.000e+00	1.000e+00
-2.8652e-02	4.400e+00	8.800e-01
-2.8602e-02	5.000e+00	1.000e+00
-2.8552e-02	4.400e+00	8.800e-01
-2.8502e-02	5.000e+00	1.000e+00
-2.8453e-02	5.000e+00	1.000e+00
-2.8403e-02	4.400e+00	8.800e-01
-2.8353e-02	4.400e+00	8.800e-01
-2.8303e-02	5.000e+00	1.000e+00
-2.8253e-02	4.400e+00	8.800e-01
-2.8203e-02	5.000e+00	1.000e+00
-2.8153e-02	5.000e+00	1.000e+00
-2.8103e-02	4.400e+00	8.800e-01
-2.8053e-02	4.400e+00	8.800e-01
-2.8003e-02	5.000e+00	1.000e+00
-2.7953e-02	5.000e+00	1.000e+00
-2.7903e-02	4.400e+00	8.800e-01
-2.7854e-02	5.000e+00	1.000e+00
-2.7804e-02	4.400e+00	8.800e-01
-2.7754e-02	5.000e+00	1.000e+00
-2.7704e-02	4.400e+00	8.800e-01
-2.7654e-02	5.000e+00	1.000e+00
-2.7604e-02	4.400e+00	8.800e-01
-2.7554e-02	5.000e+00	1.000e+00
-2.7504e-02	4.400e+00	8.800e-01
-2.7454e-02	5.000e+00	1.000e+00
-2.7404e-02	4.400e+00	8.800e-01
-2.7354e-02	5.000e+00	1.000e+00
-2.7304e-02	4.400e+00	8.800e-01
-2.7255e-02	5.000e+00	1.000e+00
-2.7205e-02	4.400e+00	8.800e-01
-2.7155e-02	5.000e+00	1.000e+00
-2.7105e-02	4.400e+00	8.800e-01
-2.7055e-02	5.000e+00	1.000e+00
-2.7005e-02	4.400e+00	8.800e-01
-2.6955e-02	5.000e+00	1.000e+00
-2.6905e-02	4.600e+00	9.200e-01
-2.6855e-02	5.000e+00	1.000e+00
-2.6805e-02	4.400e+00	8.800e-01
-2.6755e-02	5.000e+00	1.000e+00
-2.6705e-02	4.400e+00	8.800e-01
-2.6656e-02	5.000e+00	1.000e+00
-2.6606e-02	4.600e+00	9.200e-01
-2.6556e-02	5.000e+00	1.000e+00
-2.6506e-02	4.400e+00	8.800e-01
-2.6456e-02	5.000e+00	1.000e+00
-2.6406e-02	4.400e+00	8.800e-01
-2.6356e-02	5.000e+00	1.000e+00
-2.6306e-02	4.400e+00	8.800e-01
-2.6256e-02	5.000e+00	1.000e+00
-2.6206e-02	4.400e+00	8.800e-01
-2.6156e-02	5.000e+00	1.000e+00
-2.6106e-02	4.400e+00	8.800e-01
-2.6057e-02	5.000e+00	1.000e+00
-2.6007e-02	4.400e+00	8.800e-01
-2.5957e-02	5.000e+00	1.000e+00
-2.5907e-02	4.600e+00	9.200e-01
-2.5857e-02	5.000e+00	1.000e+00
-2.5807e-02	4.600e+00	9.200e-01
-2.5757e-02	4.600e+00	9.200e-01
-2.5707e-02	5.000e+00	1.000e+00
-2.5657e-02	5.000e+00	1.000e+00
-2.5607e-02	4.400e+00	8.800e-01
-2.5557e-02	5.000e+00	1.000e+00
-2.5507e-02	4.400e+00	8.800e-01
-2.5458e-02	5.000e+00	1.000e+00
-2.5408e-02	4.600e+00	9.200e-01
-2.5358e-02	4.600e+00	9.200e-01
-2.5308e-02	5.000e+00	1.000e+00
-2.5258e-02	5.000e+00	1.000e+00
-2.5208e-02	-5.600e+00	-1.120e+00
-2.5158e-02	-5.000e+00	-1.000e+00
-2.5108e-02	-5.800e+00	-1.160e+00
-2.5058e-02	-5.600e+00	-1.120e+00
-2.5008e-02	-5.000e+00	-1.000e+00
-2.4958e-02	-5.000e+00	-1.000e+00
-2.4908e-02	-5.600e+00	-1.120e+00
-2.4859e-02	-5.000e+00	-1.000e+00
-2.4809e-02	-5.600e+00	-1.120e+00
-2.4759e-02	-5.000e+00	-1.000e+00
-2.4709e-02	-5.600e+00	-1.120e+00
-2.4659e-02	-5.000e+00	-1.000e+00
-2.4609e-02	-5.600e+00	-1.120e+00
-2.4559e-02	-5.600e+00	-1.120e+00
-2.4509e-02	-5.000e+00	-1.000e+00
-2.4459e-02	-5.600e+00	-1.120e+00
-2.4409e-02	-5.000e+00	-1.000e+00
-2.4359e-02	-5.600e+00	-1.120e+00
-2.4309e-02	-5.000e+00	-1.000e+00
-2.4260e-02	-5.000e+00	-1.000e+00
-2.4210e-02	-5.600e+00	-1.120e+00
-2.4160e-02	-5.000e+00	-1.000e+00
-2.4110e-02	-5.600e+00	-1.120e+00
-2.4060e-02	-5.000e+00	-1.000e+00
-2.4010e-02	-5.600e+00	-1.120e+00
-2.3960e-02	-5.000e+00	-1.000e+00
-2.3910e-02	-5.600e+00	-1.120e+00
-2.3860e-02	-5.000e+00	-1.000e+00
-2.3810e-02	-5.600e+00	-1.120e+00
-2.3760e-02	-5.600e+00	-1.120e+00
-2.3710e-02	-5.000e+00	-1.000e+00
-2.3661e-02	-5.600e+00	-1.120e+00
-2.3611e-02	-5.000e+00	-1.000e+00
-2.3561e-02	-5.600e+00	-1.120e+00
-2.3511e-02	-5.000e+00	-1.000e+00
-2.3461e-02	-5.600e+00	-1.120e+00
-2.3411e-02	-5.000e+00	-1.000e+00
-2.3361e-02	-5.600e+00	-1.120e+00
-2.3311e-02	-5.000e+00	-1.000e+00
-2.3261e-02	-5.000e+00	-1.000e+00
-2.3211e-02	-5.600e+00	-1.120e+00
-2.3161e-02	-5.600e+00	-1.120e+00
-2.3111e-02	-5.000e+00	-1.000e+00
-2.3062e-02	-5.000e+00	-1.000e+00
-2.3012e-02	-5.600e+00	-1.120e+00
-2.2962e-02	-5.600e+00	-1.120e+00
-2.2912e-02	-5.000e+00	-1.000e+00
-2.2862e-02	-5.000e+00	-1.000e+00
-2.2812e-02	-5.600e+00	-1.120e+00
-2.2762e-02	-5.600e+00	-1.120e+00
-2.2712e-02	-5.000e+00	-1.000e+00
-2.2662e-02	-5.000e+00	-1.000e+00
-2.2612e-02	-5.800e+00	-1.160e+00
-2.2562e-02	-5.600e+00	-1.120e+00
-2.2512e-02	-5.000e+00	-1.000e+00
-2.2463e-02	-5.600e+00	-1.120e+00
-2.2413e-02	-5.200e+00	-1.040e+00
-2.2363e-02	-5.600e+00	-1.120e+00
-2.2313e-02	-5.000e+00	-1.000e+00
-2.2263e-02	-5.600e+00	-1.120e+00
-2.2213e-02	-5.000e+00	-1.000e+00
-2.2163e-02	-5.600e+00	-1.120e+00
-2.2113e-02	-5.000e+00	-1.000e+00
-2.2063e-02	-5.200e+00	-1.040e+00
-2.2013e-02	-5.800e+00	-1.160e+00
-2.1963e-02	-5.600e+00	-1.120e+00
-2.1913e-02	-5.000e+00	-1.000e+00
-2.1864e-02	-5.000e+00	-1.000e+00
-2.1814e-02	-5.800e+00	-1.160e+00
-2.1764e-02	-5.600e+00	-1.120e+00
-2.1714e-02	-5.200e+00	-1.040e+00
-2.1664e-02	-5.200e+00	-1.040e+00
-2.1614e-02	-5.600e+00	-1.120e+00
-2.1564e-02	-5.200e+00	-1.040e+00
-2.1514e-02	-5.800e+00	-1.160e+00
-2.1464e-02	-5.200e+00	-1.040e+00
-2.1414e-02	-5.600e+00	-1.120e+00
-2.1364e-02	-5.200e+00	-1.040e+00
-2.1314e-02	-5.600e+00	-1.120e+00
-2.1265e-02	-5.600e+00	-1.120e+00
-2.1215e-02	-5.200e+00	-1.040e+00
-2.1165e-02	-5.600e+00	-1.120e+00
-2.1115e-02	-5.200e+00	-1.040e+00
-2.1065e-02	-5.600e+00	-1.120e+00
-2.1015e-02	-5.000e+00	-1.000e+00
-2.0965e-02	-5.600e+00	-1.120e+00
-2.0915e-02	5.000e+00	1.000e+00
-2.0865e-02	5.000e+00	1.000e+00
-2.0815e-02	4.400e+00	8.800e-01
-2.0765e-02	5.000e+00	1.000e+00
-2.0715e-02	4.400e+00	8.800e-01
-2.0666e-02	5.000e+00	1.000e+00
-2.0616e-02	4.400e+00	8.800e-01
-2.0566e-02	5.000e+00	1.000e+00
-2.0516e-02	4.400e+00	8.800e-01
-2.0466e-02	5.000e+00	1.000e+00
-2.0416e-02	4.400e+00	8.800e-01
-2.0366e-02	4.400e+00	8.800e-01
-2.0316e-02	5.000e+00	1.000e+00
-2.0266e-02	5.000e+00	1.000e+00
-2.0216e-02	4.400e+00	8.800e-01
-2.0166e-02	5.000e+00	1.000e+00
-2.0116e-02	4.400e+00	8.800e-01
-2.0067e-02	5.000e+00	1.000e+00
-2.0017e-02	4.400e+00	8.800e-01
-1.9967e-02	5.000e+00	1.000e+00
-1.9917e-02	4.400e+00	8.800e-01
-1.9867e-02	4.400e+00	8.800e-01
-1.9817e-02	5.000e+00	1.000e+00
-1.9767e-02	5.000e+00	1.000e+00
-1.9717e-02	4.400e+00	8.800e-01
-1.9667e-02	5.000e+00	1.000e+00
-1.9617e-02	4.400e+00	8.800e-01
-1.9567e-02	4.400e+00	8.800e-01
-1.9517e-02	5.000e+00	1.000e+00
-1.9468e-02	4.400e+00	8.800e-01
-1.9418e-02	5.000e+00	1.000e+00
-1.9368e-02	5.000e+00	1.000e+00
-1.9318e-02	4.400e+00	8.800e-01
-1.9268e-02	4.400e+00	8.800e-01
-1.9218e-02	5.000e+00	1.000e+00
-1.9168e-02	5.000e+00	1.000e+00
-1.9118e-02	4.400e+00	8.800e-01
-1.9068e-02	4.400e+00	8.800e-01
-1.9018e-02	5.000e+00	1.000e+00
-1.8968e-02	5.000e+00	1.000e+00
-1.8918e-02	4.400e+00	8.800e-01
-1.8869e-02	5.000e+00	1.000e+00
-1.8819e-02	4.400e+00	8.800e-01
-1.8769e-02	5.000e+00	1.000e+00
-1.8719e-02	4.400e+00	8.800e-01
-1.8669e-02	4.400e+00	8.800e-01
-1.8619e-02	5.000e+00	1.000e+00
-1.8569e-02	5.000e+00	1.000e+00
-1.8519e-02	4.400e+00	8.800e-01
-1.8469e-02	5.000e+00	1.000e+00
-1.8419e-02	4.400e+00	8.800e-01
-1.8369e-02	5.000e+00	1.000e+00
-1.8319e-02	4.400e+00	8.800e-01
-1.8270e-02	5.000e+00	1.000e+00
-1.8220e-02	4.400e+00	8.800e-01
-1.8170e-02	5.000e+00	1.000e+00
-1.8120e-02	4.400e+00	8.800e-01
-1.8070e-02	5.000e+00	1.000e+00
-1.8020e-02	4.400e+00	8.800e-01
-1.7970e-02	5.000e+00	1.000e+00
-1.7920e-02	4.400e+00	8.800e-01
-1.7870e-02	5.000e+00	1.000e+00
-1.7820e-02	4.400e+00	8.800e-01
-1.7770e-02	5.000e+00	1.000e+00
-1.7720e-02	4.400e+00	8.800e-01
-1.7671e-02	5.000e+00	1.000e+00
-1.7621e-02	4.400e+00	8.800e-01
-1.7571e-02	5.000e+00	1.000e+00
-1.7521e-02	4.400e+00	8.800e-01
-1.7471e-02	4.400e+00	8.800e-01
-1.7421e-02	5.000e+00	1.000e+00
-1.7371e-02	5.000e+00	1.000e+00
-1.7321e-02	4.400e+00	8.800e-01
-1.7271e-02	4.400e+00	8.800e-01
-1.7221e-02	5.000e+00	1.000e+00
-1.7171e-02	5.000e+00	1.000e+00
-1.7121e-02	4.400e+00	8.800e-01
-1.7072e-02	5.000e+00	1.000e+00
-1.7022e-02	4.400e+00	8.800e-01
-1.6972e-02	5.000e+00	1.000e+00
-1.6922e-02	4.400e+00	8.800e-01
-1.6872e-02	5.000e+00	1.000e+00
-1.6822e-02	-5.800e+00	-1.160e+00
-1.6772e-02	-5.800e+00	-1.160e+00
-1.6722e-02	-5.200e+00	-1.040e+00
-1.6672e-02	-5.200e+00	-1.040e+00
-1.6622e-02	-5.600e+00	-1.120e+00
-1.6572e-02	-5.600e+00	-1.120e+00
-1.6522e-02	-5.000e+00	-1.000e+00
-1.6473e-02	-5.000e+00	-1.000e+00
-1.6423e-02	-5.600e+00	-1.120e+00
-1.6373e-02	-5.600e+00	-1.120e+00
-1.6323e-02	-5.000e+00	-1.000e+00
-1.6273e-02	-5.600e+00	-1.120e+00
-1.6223e-02	-5.000e+00	-1.000e+00
-1.6173e-02	-5.600e+00	-1.120e+00
-1.6123e-02	-5.000e+00	-1.000e+00
-1.6073e-02	-5.000e+00	-1.000e+00
-1.6023e-02	-5.600e+00	-1.120e+00
-1.5973e-02	-5.600e+00	-1.120e+00
-1.5923e-02	-5.000e+00	-1.000e+00
-1.5874e-02	-5.600e+00	-1.120e+00
-1.5824e-02	-5.000e+00	-1.000e+00
-1.5774e-02	-5.600e+00	-1.120e+00
-1.5724e-02	-5.000e+00	-1.000e+00
-1.5674e-02	-5.600e+00	-1.120e+00
-1.5624e-02	-5.000e+00	-1.000e+00
-1.5574e-02	-5.600e+00	-1.120e+00
-1.5524e-02	-5.000e+00	-1.000e+00
-1.5474e-02	-5.600e+00	-1.120e+00
-1.5424e-02	-5.200e+00	-1.040e+00
-1.5374e-02	-5.200e+00	-1.040e+00
-1.5324e-02	-5.600e+00	-1.120e+00
-1.5275e-02	-5.600e+00	-1.120e+00
-1.5225e-02	-5.000e+00	-1.000e+00
-1.5175e-02	-5.200e+00	-1.040e+00
-1.5125e-02	-5.600e+00	-1.120e+00
-1.5075e-02	-5.200e+00	-1.040e+00
-1.5025e-02	-5.600e+00	-1.120e+00
-1.4975e-02	-5.200e+00	-1.040e+00
-1.4925e-02	-5.600e+00	-1.120e+00
-1.4875e-02	-5.200e+00	-1.040e+00
-1.4825e-02	-5.600e+00	-1.120e+00
-1.4775e-02	-5.200e+00	-1.040e+00
-1.4725e-02	-5.600e+00	-1.120e+00
-1.4676e-02	-5.200e+00	-1.040e+00
-1.4626e-02	-5.600e+00	-1.120e+00
-1.4576e-02	-5.200e+00	-1.040e+00
-1.4526e-02	-5.800e+00	-1.160e+00
-1.4476e-02	-5.200e+00	-1.040e+00
-1.4426e-02	-5.600e+00	-1.120e+00
-1.4376e-02	-5.200e+00	-1.040e+00
-1.4326e-02	-5.800e+00	-1.160e+00
-1.4276e-02	-5.600e+00	-1.120e+00
-1.4226e-02	-5.200e+00	-1.040e+00
-1.4176e-02	-5.000e+00	-1.000e+00
-1.4126e-02	-5.800e+00	-1.160e+00
-1.4077e-02	-5.200e+00	-1.040e+00
-1.4027e-02	-5.800e+00	-1.160e+00
-1.3977e-02	-5.600e+00	-1.120e+00
-1.3927e-02	-5.200e+00	-1.040e+00
-1.3877e-02	-5.200e+00	-1.040e+00
-1.3827e-02	-5.800e+00	-1.160e+00
-1.3777e-02	-5.200e+00	-1.040e+00
-1.3727e-02	-5.600e+00	-1.120e+00
-1.3677e-02	-5.200e+00	-1.040e+00
-1.3627e-02	-5.800e+00	-1.160e+00
-1.3577e-02	-5.800e+00	-1.160e+00
-1.3527e-02	-5.000e+00	-1.000e+00
-1.3478e-02	-5.600e+00	-1.120e+00
-1.3428e-02	-5.200e+00	-1.040e+00
-1.3378e-02	-5.200e+00	-1.040e+00
-1.3328e-02	-5.800e+00	-1.160e+00
-1.3278e-02	-5.200e+00	-1.040e+00
-1.3228e-02	-5.800e+00	-1.160e+00
-1.3178e-02	-5.200e+00	-1.040e+00
-1.3128e-02	-5.600e+00	-1.120e+00
-1.3078e-02	-5.200e+00	-1.040e+00
-1.3028e-02	-5.600e+00	-1.120e+00
-1.2978e-02	-5.200e+00	-1.040e+00
-1.2928e-02	-5.600e+00	-1.120e+00
-1.2879e-02	-5.200e+00	-1.040e+00
-1.2829e-02	-5.600e+00	-1.120e+00
-1.2779e-02	-5.200e+00	-1.040e+00
-1.2729e-02	-5.600e+00	-1.120e+00
-1.2679e-02	-5.200e+00	-1.040e+00
-1.2629e-02	-5.600e+00	-1.120e+00
-1.2579e-02	-5.600e+00	-1.120e+00
-1.2529e-02	5.000e+00	1.000e+00
-1.2479e-02	4.400e+00	8.800e-01
-1.2429e-02	5.000e+00	1.000e+00
-1.2379e-02	5.000e+00	1.000e+00
-1.2329e-02	4.400e+00	8.800e-01
-1.2280e-02	5.000e+00	1.000e+00
-1.2230e-02	4.400e+00	8.800e-01
-1.2180e-02	4.400e+00	8.800e-01
-1.2130e-02	5.000e+00	1.000e+00
-1.2080e-02	4.400e+00	8.800e-01
-1.2030e-02	5.000e+00	1.000e+00
-1.1980e-02	4.400e+00	8.800e-01
-1.1930e-02	5.000e+00	1.000e+00
-1.1880e-02	4.400e+00	8.800e-01
-1.1830e-02	5.000e+00	1.000e+00
-1.1780e-02	4.400e+00	8.800e-01
-1.1730e-02	5.000e+00	1.000e+00
-1.1681e-02	4.400e+00	8.800e-01
-1.1631e-02	5.000e+00	1.000e+00
-1.1581e-02	4.400e+00	8.800e-01
-1.1531e-02	5.000e+00	1.000e+00
-1.1481e-02	5.000e+00	1.000e+00
-1.1431e-02	4.400e+00	8.800e-01
-1.1381e-02	5.000e+00	1.000e+00
-1.1331e-02	4.400e+00	8.800e-01
-1.1281e-02	4.400e+00	8.800e-01
-1.1231e-02	5.000e+00	1.000e+00
-1.1181e-02	5.000e+00	1.000e+00
-1.1131e-02	4.400e+00	8.800e-01
-1.1082e-02	4.400e+00	8.800e-01
-1.1032e-02	5.000e+00	1.000e+00
-1.0982e-02	4.400e+00	8.800e-01
-1.0932e-02	5.000e+00	1.000e+00
-1.0882e-02	5.000e+00	1.000e+00
-1.0832e-02	4.400e+00	8.800e-01
-1.0782e-02	4.400e+00	8.800e-01
-1.0732e-02	5.000e+00	1.000e+00
-1.0682e-02	4.400e+00	8.800e-01
-1.0632e-02	5.000e+00	1.000e+00
-1.0582e-02	5.000e+00	1.000e+00
-1.0532e-02	4.400e+00	8.800e-01
-1.0483e-02	5.000e+00	1.000e+00
-1.0433e-02	4.400e+00	8.800e-01
-1.0383e-02	5.000e+00	1.000e+00
-1.0333e-02	4.400e+00	8.800e-01
-1.0283e-02	5.000e+00	1.000e+00
-1.0233e-02	4.400e+00	8.800e-01
-1.0183e-02	4.600e+00	9.200e-01
-1.0133e-02	5.000e+00	1.000e+00
-1.0083e-02	4.600e+00	9.200e-01
-1.0033e-02	5.000e+00	1.000e+00
-9.9834e-03	5.000e+00	1.000e+00
-9.9334e-03	4.400e+00	8.800e-01
-9.8835e-03	4.600e+00	9.200e-01
-9.8336e-03	5.200e+00	1.040e+00
-9.7837e-03	5.000e+00	1.000e+00
-9.7338e-03	4.600e+00	9.200e-01
-9.6839e-03	4.600e+00	9.200e-01
-9.6339e-03	5.200e+00	1.040e+00
-9.5840e-03	4.600e+00	9.200e-01
-9.5341e-03	5.000e+00	1.000e+00
-9.4842e-03	5.000e+00	1.000e+00
-9.4343e-03	4.400e+00	8.800e-01
-9.3844e-03	5.000e+00	1.000e+00
-9.3344e-03	4.600e+00	9.200e-01
-9.2845e-03	5.000e+00	1.000e+00
-9.2346e-03	4.600e+00	9.200e-01
-9.1847e-03	5.200e+00	1.040e+00
-9.1348e-03	4.400e+00	8.800e-01
-9.0849e-03	4.600e+00	9.200e-01
-9.0349e-03	5.200e+00	1.040e+00
-8.9850e-03	4.600e+00	9.200e-01
-8.9351e-03	5.200e+00	1.040e+00
-8.8852e-03	5.000e+00	1.000e+00
-8.8353e-03	4.600e+00	9.200e-01
-8.7854e-03	5.000e+00	1.000e+00
-8.7354e-03	4.400e+00	8.800e-01
-8.6855e-03	5.000e+00	1.000e+00
-8.6356e-03	4.400e+00	8.800e-01
-8.5857e-03	5.000e+00	1.000e+00
-8.5358e-03	4.600e+00	9.200e-01
-8.4859e-03	5.000e+00	1.000e+00
-8.4359e-03	-5.600e+00	-1.120e+00
-8.3860e-03	-5.600e+00	-1.120e+00
-8.3361e-03	-5.000e+00	-1.000e+00
-8.2862e-03	-5.000e+00	-1.000e+00
-8.2363e-03	-5.600e+00	-1.120e+00
-8.1864e-03	-5.000e+00	-1.000e+00
-8.1364e-03	-5.600e+00	-1.120e+00
-8.0865e-03	-5.600e+00	-1.120e+00
-8.0366e-03	-5.000e+00	-1.000e+00
-7.9867e-03	-5.600e+00	-1.120e+00
-7.9368e-03	-5.000e+00	-1.000e+00
-7.8869e-03	-5.000e+00	-1.000e+00
-7.8369e-03	-5.600e+00	-1.120e+00
-7.7870e-03	-5.600e+00	-1.120e+00
-7.7371e-03	-5.000e+00	-1.000e+00
-7.6872e-03	-5.000e+00	-1.000e+00
-7.6373e-03	-5.600e+00	-1.120e+00
-7.5874e-03	-5.000e+00	-1.000e+00
-7.5374e-03	-5.600e+00	-1.120e+00
-7.4875e-03	-5.000e+00	-1.000e+00
-7.4376e-03	-5.600e+00	-1.120e+00
-7.3877e-03	-5.600e+00	-1.120e+00
-7.3378e-03	-5.000e+00	-1.000e+00
-7.2879e-03	-5.000e+00	-1.000e+00
-7.2379e-03	-5.600e+00	-1.120e+00
-7.1880e-03	-5.000e+00	-1.000e+00
-7.1381e-03	-5.600e+00	-1.120e+00
-7.0882e-03	-5.000e+00	-1.000e+00
-7.0383e-03	-5.600e+00	-1.120e+00
-6.9884e-03	-5.000e+00	-1.000e+00
-6.9384e-03	-5.600e+00	-1.120e+00
-6.8885e-03	-5.000e+00	-1.000e+00
-6.8386e-03	-5.600e+00	-1.120e+00
-6.7887e-03	-5.000e+00	-1.000e+00
-6.7388e-03	-5.600e+00	-1.120e+00
-6.6889e-03	-5.600e+00	-1.120e+00
-6.6389e-03	-5.000e+00	-1.000e+00
-6.5890e-03	-5.600e+00	-1.120e+00
-6.5391e-03	-5.000e+00	-1.000e+00
-6.4892e-03	-5.000e+00	-1.000e+00
-6.4393e-03	-5.600e+00	-1.120e+00
-6.3894e-03	-5.000e+00	-1.000e+00
-6.3394e-03	-5.600e+00	-1.120e+00
-6.2895e-03	-5.600e+00	-1.120e+00
-6.2396e-03	-5.000e+00	-1.000e+00
-6.1897e-03	-5.600e+00	-1.120e+00
-6.1398e-03	-5.000e+00	-1.000e+00
-6.0899e-03	-5.600e+00	-1.120e+00
-6.0399e-03	-5.000e+00	-1.000e+00
-5.9900e-03	-5.000e+00	-1.000e+00
-5.9401e-03	-5.600e+00	-1.120e+00
-5.8902e-03	-5.000e+00	-1.000e+00
-5.8403e-03	-5.600e+00	-1.120e+00
-5.7903e-03	-5.600e+00	-1.120e+00
-5.7404e-03	-5.000e+00	-1.000e+00
-5.6905e-03	-5.000e+00	-1.000e+00
-5.6406e-03	-5.600e+00	-1.120e+00
-5.5907e-03	-5.600e+00	-1.120e+00
-5.5408e-03	-5.000e+00	-1.000e+00
-5.4908e-03	-5.600e+00	-1.120e+00
-5.4409e-03	-5.000e+00	-1.000e+00
-5.3910e-03	-5.200e+00	-1.040e+00
-5.3411e-03	-5.600e+00	-1.120e+00
-5.2912e-03	-5.600e+00	-1.120e+00
-5.2413e-03	-5.000e+00	-1.000e+00
-5.1913e-03	-5.600e+00	-1.120e+00
-5.1414e-03	-5.200e+00	-1.040e+00
-5.0915e-03	-5.600e+00	-1.120e+00
-5.0416e-03	-5.000e+00	-1.000e+00
-4.9917e-03	-5.600e+00	-1.120e+00
-4.9418e-03	-5.000e+00	-1.000e+00
-4.8918e-03	-5.600e+00	-1.120e+00
-4.8419e-03	-5.200e+00	-1.040e+00
-4.7920e-03	-5.600e+00	-1.120e+00
-4.7421e-03	-5.000e+00	-1.000e+00
-4.6922e-03	-5.600e+00	-1.120e+00
-4.6423e-03	-5.000e+00	-1.000e+00
-4.5923e-03	-5.600e+00	-1.120e+00
-4.5424e-03	-5.200e+00	-1.040e+00
-4.4925e-03	-5.200e+00	-1.040e+00
-4.4426e-03	-5.800e+00	-1.160e+00
-4.3927e-03	-5.200e+00	-1.040e+00
-4.3428e-03	-5.800e+00	-1.160e+00
-4.2928e-03	-5.200e+00	-1.040e+00
-4.2429e-03	-5.800e+00	-1.160e+00
-4.1930e-03	-5.600e+00	-1.120e+00
-4.1431e-03	5.000e+00	1.000e+00
-4.0932e-03	5.000e+00	1.000e+00
-4.0433e-03	4.400e+00	8.800e-01
-3.9933e-03	5.000e+00	1.000e+00
-3.9434e-03	4.400e+00	8.800e-01
-3.8935e-03	4.400e+00	8.800e-01
-3.8436e-03	5.000e+00	1.000e+00
-3.7937e-03	4.400e+00	8.800e-01
-3.7438e-03	5.000e+00	1.000e+00
-3.6938e-03	5.000e+00	1.000e+00
-3.6439e-03	4.400e+00	8.800e-01
-3.5940e-03	5.000e+00	1.000e+00
-3.5441e-03	4.400e+00	8.800e-01
-3.4942e-03	4.400e+00	8.800e-01
-3.4443e-03	5.000e+00	1.000e+00
-3.3943e-03	5.000e+00	1.000e+00
-3.3444e-03	4.400e+00	8.800e-01
-3.2945e-03	5.000e+00	1.000e+00
-3.2446e-03	4.400e+00	8.800e-01
-3.1947e-03	5.000e+00	1.000e+00
-3.1448e-03	4.400e+00	8.800e-01
-3.0948e-03	5.000e+00	1.000e+00
-3.0449e-03	4.400e+00	8.800e-01
-2.9950e-03	5.000e+00	1.000e+00
-2.9451e-03	4.400e+00	8.800e-01
-2.8952e-03	5.000e+00	1.000e+00
-2.8453e-03	4.400e+00	8.800e-01
-2.7953e-03	4.400e+00	8.800e-01
-2.7454e-03	5.000e+00	1.000e+00
-2.6955e-03	4.400e+00	8.800e-01
-2.6456e-03	5.000e+00	1.000e+00
-2.5957e-03	4.400e+00	8.800e-01
-2.5458e-03	5.000e+00	1.000e+00
-2.4958e-03	4.400e+00	8.800e-01
-2.4459e-03	5.000e+00	1.000e+00
-2.3960e-03	4.400e+00	8.800e-01
-2.3461e-03	5.000e+00	1.000e+00
-2.2962e-03	5.000e+00	1.000e+00
-2.2463e-03	4.400e+00	8.800e-01
-2.1963e-03	5.000e+00	1.000e+00
-2.1464e-03	4.400e+00	8.800e-01
-2.0965e-03	5.000e+00	1.000e+00
-2.0466e-03	4.400e+00	8.800e-01
-1.9967e-03	5.000e+00	1.000e+00
-1.9468e-03	4.400e+00	8.800e-01
-1.8968e-03	5.000e+00	1.000e+00
-1.8469e-03	4.400e+00	8.800e-01
-1.7970e-03	5.000e+00	1.000e+00
-1.7471e-03	4.400e+00	8.800e-01
-1.6972e-03	5.000e+00	1.000e+00
-1.6473e-03	4.400e+00	8.800e-01
-1.5973e-03	5.000e+00	1.000e+00
-1.5474e-03	4.400e+00	8.800e-01
-1.4975e-03	5.000e+00	1.000e+00
-1.4476e-03	4.400e+00	8.800e-01
-1.3977e-03	5.000e+00	1.000e+00
-1.3478e-03	4.400e+00	8.800e-01
-1.2978e-03	5.000e+00	1.000e+00
-1.2479e-03	4.400e+00	8.800e-01
-1.1980e-03	5.000e+00	1.000e+00
-1.1481e-03	4.400e+00	8.800e-01
-1.0982e-03	5.000e+00	1.000e+00
-1.0483e-03	4.600e+00	9.200e-01
-9.9834e-04	5.000e+00	1.000e+00
-9.4842e-04	4.400e+00	8.800e-01
-8.9850e-04	5.000e+00	1.000e+00
-8.4859e-04	4.400e+00	8.800e-01
-7.9867e-04	5.000e+00	1.000e+00
-7.4875e-04	4.400e+00	8.800e-01
-6.9884e-04	5.000e+00	1.000e+00
-6.4892e-04	4.600e+00	9.200e-01
-5.9900e-04	5.000e+00	1.000e+00
-5.4908e-04	4.600e+00	9.200e-01
-4.9917e-04	5.000e+00	1.000e+00
-4.4925e-04	4.400e+00	8.800e-01
-3.9933e-04	5.000e+00	1.000e+00
-3.4942e-04	4.600e+00	9.200e-01
-2.9950e-04	5.000e+00	1.000e+00
-2.4958e-04	4.400e+00	8.800e-01
-1.9967e-04	5.000e+00	1.000e+00
-1.4975e-04	4.400e+00	8.800e-01
-9.9834e-05	5.000e+00	1.000e+00
-4.9917e-05	4.400e+00	8.800e-01
0.0000e+00	-5.200e+00	-1.040e+00
4.9917e-05	-5.800e+00	-1.160e+00
9.9834e-05	-5.000e+00	-1.000e+00
1.4975e-04	-5.600e+00	-1.120e+00
1.9967e-04	-5.000e+00	-1.000e+00
2.4958e-04	-5.600e+00	-1.120e+00
2.9950e-04	-5.000e+00	-1.000e+00
3.4942e-04	-5.600e+00	-1.120e+00
3.9933e-04	-5.000e+00	-1.000e+00
4.4925e-04	-5.600e+00	-1.120e+00
4.9917e-04	-5.000e+00	-1.000e+00
5.4908e-04	-5.600e+00	-1.120e+00
5.9900e-04	-5.000e+00	-1.000e+00
6.4892e-04	-5.600e+00	-1.120e+00
6.9884e-04	-5.000e+00	-1.000e+00
7.4875e-04	-5.600e+00	-1.120e+00
7.9867e-04	-5.600e+00	-1.120e+00
8.4859e-04	-5.000e+00	-1.000e+00
8.9850e-04	-5.000e+00	-1.000e+00
9.4842e-04	-5.600e+00	-1.120e+00
9.9834e-04	-5.600e+00	-1.120e+00
1.0483e-03	-5.000e+00	-1.000e+00
1.0982e-03	-5.600e+00	-1.120e+00
1.1481e-03	-5.000e+00	-1.000e+00
1.1980e-03	-5.600e+00	-1.120e+00
1.2479e-03	-5.000e+00	-1.000e+00
1.2978e-03	-5.600e+00	-1.120e+00
1.3478e-03	-5.000e+00	-1.000e+00
1.3977e-03	-5.000e+00	-1.000e+00
1.4476e-03	-5.600e+00	-1.120e+00
1.4975e-03	-5.000e+00	-1.000e+00
1.5474e-03	-5.600e+00	-1.120e+00
1.5973e-03	-5.600e+00	-1.120e+00
1.6473e-03	-5.000e+00	-1.000e+00
1.6972e-03	-5.600e+00	-1.120e+00
1.7471e-03	-5.000e+00	-1.000e+00
1.7970e-03	-5.600e+00	-1.120e+00
1.8469e-03	-5.000e+00	-1.000e+00
1.8968e-03	-5.600e+00	-1.120e+00
1.9468e-03	-5.000e+00	-1.000e+00
1.9967e-03	-5.600e+00	-1.120e+00
2.0466e-03	-5.000e+00	-1.000e+00
2.0965e-03	-5.600e+00	-1.120e+00
2.1464e-03	-5.000e+00	-1.000e+00
2.1963e-03	-5.000e+00	-1.000e+00
2.2463e-03	-5.600e+00	-1.120e+00
2.2962e-03	-5.600e+00	-1.120e+00
2.3461e-03	-5.000e+00	-1.000e+00
2.3960e-03	-5.600e+00	-1.120e+00
2.4459e-03	-5.000e+00	-1.000e+00
2.4958e-03	-5.600e+00	-1.120e+00
2.5458e-03	-5.200e+00	-1.040e+00
2.5957e-03	-5.600e+00	-1.120e+00
2.6456e-03	-5.200e+00	-1.040e+00
2.6955e-03	-5.000e+00	-1.000e+00
2.7454e-03	-5.600e+00	-1.120e+00
2.7953e-03	-5.200e+00	-1.040e+00
2.8453e-03	-5.600e+00	-1.120e+00
2.8952e-03	-5.200e+00	-1.040e+00
2.9451e-03	-5.600e+00	-1.120e+00
2.9950e-03	-5.600e+00	-1.120e+00
3.0449e-03	-5.200e+00	-1.040e+00
3.0948e-03	-5.200e+00	-1.040e+00
3.1448e-03	-5.600e+00	-1.120e+00
3.1947e-03	-5.600e+00	-1.120e+00
3.2446e-03	-5.000e+00	-1.000e+00
3.2945e-03	-5.600e+00	-1.120e+00
3.3444e-03	-5.200e+00	-1.040e+00
3.3943e-03	-5.200e+00	-1.040e+00
3.4443e-03	-5.600e+00	-1.120e+00
3.4942e-03	-5.200e+00	-1.040e+00
3.5441e-03	-5.600e+00	-1.120e+00
3.5940e-03	-5.600e+00	-1.120e+00
3.6439e-03	-5.000e+00	-1.000e+00
3.6938e-03	-5.200e+00	-1.040e+00
3.7438e-03	-5.600e+00	-1.120e+00
3.7937e-03	-5.200e+00	-1.040e+00
3.8436e-03	-5.600e+00	-1.120e+00
3.8935e-03	-5.200e+00	-1.040e+00
3.9434e-03	-5.600e+00	-1.120e+00
3.9933e-03	-5.000e+00	-1.000e+00
4.0433e-03	-5.600e+00	-1.120e+00
4.0932e-03	-5.600e+00	-1.120e+00
4.1431e-03	-5.200e+00	-1.040e+00
4.1930e-03	-5.600e+00	-1.120e+00
4.2429e-03	5.000e+00	1.000e+00
4.2928e-03	5.200e+00	1.040e+00
4.3428e-03	4.400e+00	8.800e-01
4.3927e-03	5.000e+00	1.000e+00
4.4426e-03	4.400e+00	8.800e-01
4.4925e-03	5.000e+00	1.000e+00
4.5424e-03	4.400e+00	8.800e-01
4.5923e-03	5.000e+00	1.000e+00
4.6423e-03	4.400e+00	8.800e-01
4.6922e-03	5.000e+00	1.000e+00
4.7421e-03	4.400e+00	8.800e-01
4.7920e-03	4.400e+00	8.800e-01
4.8419e-03	5.000e+00	1.000e+00
4.8918e-03	5.000e+00	1.000e+00
4.9418e-03	4.400e+00	8.800e-01
4.9917e-03	4.400e+00	8.800e-01
5.0416e-03	5.000e+00	1.000e+00
5.0915e-03	5.000e+00	1.000e+00
5.1414e-03	4.400e+00	8.800e-01
5.1913e-03	5.000e+00	1.000e+00
5.2413e-03	4.400e+00	8.800e-01
5.2912e-03	4.400e+00	8.800e-01
5.3411e-03	5.000e+00	1.000e+00
5.3910e-03	5.000e+00	1.000e+00
5.4409e-03	4.400e+00	8.800e-01
5.4908e-03	4.400e+00	8.800e-01
5.5408e-03	5.000e+00	1.000e+00
5.5907e-03	5.000e+00	1.000e+00
5.6406e-03	4.400e+00	8.800e-01
5.6905e-03	5.000e+00	1.000e+00
5.7404e-03	4.400e+00	8.800e-01
5.7903e-03	4.400e+00	8.800e-01
5.8403e-03	5.000e+00	1.000e+00
5.8902e-03	5.000e+00	1.000e+00
5.9401e-03	4.400e+00	8.800e-01
5.9900e-03	4.400e+00	8.800e-01
6.0399e-03	5.200e+00	1.040e+00
6.0899e-03	5.000e+00	1.000e+00
6.1398e-03	4.400e+00	8.800e-01
6.1897e-03	5.000e+00	1.000e+00
6.2396e-03	4.400e+00	8.800e-01
6.2895e-03	5.000e+00	1.000e+00
6.3394e-03	4.400e+00	8.800e-01
6.3894e-03	5.000e+00	1.000e+00
6.4393e-03	4.400e+00	8.800e-01
6.4892e-03	5.000e+00	1.000e+00
6.5391e-03	4.400e+00	8.800e-01
6.5890e-03	5.000e+00	1.000e+00
6.6389e-03	4.400e+00	8.800e-01
6.6889e-03	4.400e+00	8.800e-01
6.7388e-03	5.000e+00	1.000e+00
6.7887e-03	5.000e+00	1.000e+00
6.8386e-03	4.400e+00	8.800e-01
6.8885e-03	4.600e+00	9.200e-01
6.9384e-03	5.000e+00	1.000e+00
6.9884e-03	4.400e+00	8.800e-01
7.0383e-03	5.000e+00	1.000e+00
7.0882e-03	5.000e+00	1.000e+00
7.1381e-03	4.600e+00	9.200e-01
7.1880e-03	4.600e+00	9.200e-01
7.2379e-03	5.000e+00	1.000e+00
7.2879e-03	5.000e+00	1.000e+00
7.3378e-03	4.400e+00	8.800e-01
7.3877e-03	5.000e+00	1.000e+00
7.4376e-03	4.400e+00	8.800e-01
7.4875e-03	5.000e+00	1.000e+00
7.5374e-03	4.400e+00	8.800e-01
7.5874e-03	5.000e+00	1.000e+00
7.6373e-03	4.400e+00	8.800e-01
7.6872e-03	4.600e+00	9.200e-01
7.7371e-03	5.000e+00	1.000e+00
7.7870e-03	5.000e+00	1.000e+00
7.8369e-03	4.400e+00	8.800e-01
7.8869e-03	5.000e+00	1.000e+00
7.9368e-03	4.400e+00	8.800e-01
7.9867e-03	5.000e+00	1.000e+00
8.0366e-03	4.600e+00	9.200e-01
8.0865e-03	5.000e+00	1.000e+00
8.1364e-03	4.600e+00	9.200e-01
8.1864e-03	5.000e+00	1.000e+00
8.2363e-03	4.600e+00	9.200e-01
8.2862e-03	5.000e+00	1.000e+00
8.3361e-03	4.400e+00	8.800e-01
8.3860e-03	5.000e+00	1.000e+00
8.4359e-03	-5.800e+00	-1.160e+00
8.4859e-03	-5.600e+00	-1.120e+00
8.5358e-03	-5.000e+00	-1.000e+00
8.5857e-03	-5.000e+00	-1.000e+00
8.6356e-03	-5.600e+00	-1.120e+00
8.6855e-03	-5.000e+00	-1.000e+00
8.7354e-03	-5.600e+00	-1.120e+00
8.7854e-03	-5.000e+00	-1.000e+00
8.8353e-03	-5.600e+00	-1.120e+00
8.8852e-03	-5.000e+00	-1.000e+00
8.9351e-03	-5.600e+00	-1.120e+00
8.9850e-03	-5.000e+00	-1.000e+00
9.0349e-03	-5.600e+00	-1.120e+00
9.0849e-03	-5.000e+00	-1.000e+00
9.1348e-03	-5.600e+00	-1.120e+00
9.1847e-03	-5.000e+00	-1.000e+00
9.2346e-03	-5.600e+00	-1.120e+00
9.2845e-03	-5.600e+00	-1.120e+00
9.3344e-03	-5.000e+00	-1.000e+00
9.3844e-03	-5.600e+00	-1.120e+00
9.4343e-03	-5.000e+00	-1.000e+00
9.4842e-03	-5.600e+00	-1.120e+00
9.5341e-03	-5.000e+00	-1.000e+00
9.5840e-03	-5.600e+00	-1.120e+00
9.6339e-03	-5.000e+00	-1.000e+00
9.6839e-03	-5.600e+00	-1.120e+00
9.7338e-03	-5.000e+00	-1.000e+00
9.7837e-03	-5.600e+00	-1.120e+00
9.8336e-03	-5.000e+00	-1.000e+00
9.8835e-03	-5.600e+00	-1.120e+00
9.9334e-03	-5.000e+00	-1.000e+00
9.9834e-03	-5.600e+00	-1.120e+00
1.0033e-02	-5.000e+00	-1.000e+00
1.0083e-02	-5.600e+00	-1.120e+00
1.0133e-02	-5.000e+00	-1.000e+00
1.0183e-02	-5.600e+00	-1.120e+00
1.0233e-02	-5.200e+00	-1.040e+00
1.0283e-02	-5.600e+00	-1.120e+00
1.0333e-02	-5.000e+00	-1.000e+00
1.0383e-02	-5.200e+00	-1.040e+00
1.0433e-02	-5.600e+00	-1.120e+00
1.0483e-02	-5.200e+00	-1.040e+00
1.0532e-02	-5.600e+00	-1.120e+00
1.0582e-02	-5.200e+00	-1.040e+00
1.0632e-02	-5.600e+00	-1.120e+00
1.0682e-02	-5.200e+00	-1.040e+00
1.0732e-02	-5.800e+00	-1.160e+00
1.0782e-02	-5.200e+00	-1.040e+00
1.0832e-02	-5.600e+00	-1.120e+00
1.0882e-02	-5.600e+00	-1.120e+00
1.0932e-02	-5.200e+00	-1.040e+00
1.0982e-02	-5.200e+00	-1.040e+00
1.1032e-02	-5.600e+00	-1.120e+00
1.1082e-02	-5.200e+00	-1.040e+00
1.1131e-02	-5.600e+00	-1.120e+00
1.1181e-02	-5.200e+00	-1.040e+00
1.1231e-02	-5.800e+00	-1.160e+00
1.1281e-02	-5.600e+00	-1.120e+00
1.1331e-02	-5.200e+00	-1.040e+00
1.1381e-02	-5.200e+00	-1.040e+00
1.1431e-02	-5.600e+00	-1.120e+00
1.1481e-02	-5.600e+00	-1.120e+00
1.1531e-02	-5.200e+00	-1.040e+00
1.1581e-02	-5.200e+00	-1.040e+00
1.1631e-02	-5.600e+00	-1.120e+00
1.1681e-02	-5.200e+00	-1.040e+00
1.1730e-02	-5.800e+00	-1.160e+00
1.1780e-02	-5.200e+00	-1.040e+00
1.1830e-02	-5.600e+00	-1.120e+00
1.1880e-02	-5.200e+00	-1.040e+00
1.1930e-02	-5.800e+00	-1.160e+00
1.1980e-02	-5.600e+00	-1.120e+00
1.2030e-02	-5.200e+00	-1.040e+00
1.2080e-02	-5.200e+00	-1.040e+00
1.2130e-02	-5.600e+00	-1.120e+00
1.2180e-02	-5.600e+00	-1.120e+00
1.2230e-02	-5.200e+00	-1.040e+00
1.2280e-02	-5.600e+00	-1.120e+00
1.2329e-02	-5.000e+00	-1.000e+00
1.2379e-02	-5.200e+00	-1.040e+00
1.2429e-02	-5.600e+00	-1.120e+00
1.2479e-02	-5.600e+00	-1.120e+00
1.2529e-02	-5.000e+00	-1.000e+00
1.2579e-02	-5.800e+00	-1.160e+00
1.2629e-02	5.000e+00	1.000e+00
1.2679e-02	5.000e+00	1.000e+00
1.2729e-02	4.400e+00	8.800e-01
1.2779e-02	5.000e+00	1.000e+00
1.2829e-02	4.400e+00	8.800e-01
1.2879e-02	5.000e+00	1.000e+00
1.2928e-02	4.400e+00	8.800e-01
1.2978e-02	4.400e+00	8.800e-01
1.3028e-02	5.000e+00	1.000e+00
1.3078e-02	5.000e+00	1.000e+00
1.3128e-02	4.400e+00	8.800e-01
1.3178e-02	5.000e+00	1.000e+00
1.3228e-02	4.400e+00	8.800e-01
1.3278e-02	5.000e+00	1.000e+00
1.3328e-02	4.400e+00	8.800e-01
1.3378e-02	5.000e+00	1.000e+00
1.3428e-02	4.400e+00	8.800e-01
1.3478e-02	5.000e+00	1.000e+00
1.3527e-02	4.400e+00	8.800e-01
1.3577e-02	4.400e+00	8.800e-01
1.3627e-02	5.000e+00	1.000e+00
1.3677e-02	5.000e+00	1.000e+00
1.3727e-02	4.400e+00	8.800e-01
1.3777e-02	4.400e+00	8.800e-01
1.3827e-02	5.000e+00	1.000e+00
1.3877e-02	4.400e+00	8.800e-01
1.3927e-02	5.000e+00	1.000e+00
1.3977e-02	4.400e+00	8.800e-01
1.4027e-02	5.000e+00	1.000e+00
1.4077e-02	4.400e+00	8.800e-01
1.4126e-02	5.000e+00	1.000e+00
1.4176e-02	4.400e+00	8.800e-01
1.4226e-02	5.000e+00	1.000e+00
1.4276e-02	5.000e+00	1.000e+00
1.4326e-02	4.400e+00	8.800e-01
1.4376e-02	4.400e+00	8.800e-01
1.4426e-02	5.000e+00	1.000e+00
1.4476e-02	5.000e+00	1.000e+00
1.4526e-02	4.400e+00	8.800e-01
1.4576e-02	4.400e+00	8.800e-01
1.4626e-02	5.000e+00	1.000e+00
1.4676e-02	4.600e+00	9.200e-01
1.4725e-02	5.000e+00	1.000e+00
1.4775e-02	5.000e+00	1.000e+00
1.4825e-02	4.400e+00	8.800e-01
1.4875e-02	5.000e+00	1.000e+00
1.4925e-02	4.400e+00	8.800e-01
1.4975e-02	5.000e+00	1.000e+00
1.5025e-02	4.600e+00	9.200e-01
1.5075e-02	5.000e+00	1.000e+00
1.5125e-02	4.600e+00	9.200e-01
1.5175e-02	5.000e+00	1.000e+00
1.5225e-02	4.400e+00	8.800e-01
1.5275e-02	5.000e+00	1.000e+00
1.5324e-02	4.400e+00	8.800e-01
1.5374e-02	5.000e+00	1.000e+00
1.5424e-02	4.400e+00	8.800e-01
1.5474e-02	5.000e+00	1.000e+00
1.5524e-02	4.600e+00	9.200e-01
1.5574e-02	5.000e+00	1.000e+00
1.5624e-02	4.600e+00	9.200e-01
1.5674e-02	4.600e+00	9.200e-01
1.5724e-02	5.000e+00	1.000e+00
1.5774e-02	5.000e+00	1.000e+00
1.5824e-02	4.600e+00	9.200e-01
1.5874e-02	4.600e+00	9.200e-01
1.5923e-02	5.200e+00	1.040e+00
1.5973e-02	5.000e+00	1.000e+00
1.6023e-02	4.600e+00	9.200e-01
1.6073e-02	5.000e+00	1.000e+00
1.6123e-02	4.600e+00	9.200e-01
1.6173e-02	4.600e+00	9.200e-01
1.6223e-02	5.000e+00	1.000e+00
1.6273e-02	5.000e+00	1.000e+00
1.6323e-02	4.600e+00	9.200e-01
1.6373e-02	4.600e+00	9.200e-01
1.6423e-02	5.000e+00	1.000e+00
1.6473e-02	4.600e+00	9.200e-01
1.6522e-02	5.000e+00	1.000e+00
1.6572e-02	5.000e+00	1.000e+00
1.6622e-02	4.600e+00	9.200e-01
1.6672e-02	5.000e+00	1.000e+00
1.6722e-02	4.400e+00	8.800e-01
1.6772e-02	4.800e+00	9.600e-01
1.6822e-02	-5.800e+00	-1.160e+00
1.6872e-02	-5.000e+00	-1.000e+00
1.6922e-02	-5.600e+00	-1.120e+00
1.6972e-02	-5.000e+00	-1.000e+00
1.7022e-02	-5.600e+00	-1.120e+00
1.7072e-02	-5.000e+00	-1.000e+00
1.7121e-02	-5.600e+00	-1.120e+00
1.7171e-02	-5.000e+00	-1.000e+00
1.7221e-02	-5.600e+00	-1.120e+00
1.7271e-02	-5.000e+00	-1.000e+00
1.7321e-02	-5.600e+00	-1.120e+00
1.7371e-02	-5.000e+00	-1.000e+00
1.7421e-02	-5.600e+00	-1.120e+00
1.7471e-02	-5.000e+00	-1.000e+00
1.7521e-02	-5.600e+00	-1.120e+00
1.7571e-02	-5.000e+00	-1.000e+00
1.7621e-02	-5.600e+00	-1.120e+00
1.7671e-02	-5.600e+00	-1.120e+00
1.7720e-02	-5.000e+00	-1.000e+00
1.7770e-02	-5.600e+00	-1.120e+00
1.7820e-02	-5.000e+00	-1.000e+00
1.7870e-02	-5.600e+00	-1.120e+00
1.7920e-02	-5.000e+00	-1.000e+00
1.7970e-02	-5.000e+00	-1.000e+00
1.8020e-02	-5.600e+00	-1.120e+00
1.8070e-02	-5.600e+00	-1.120e+00
1.8120e-02	-5.000e+00	-1.000e+00
1.8170e-02	-5.600e+00	-1.120e+00
1.8220e-02	-5.000e+00	-1.000e+00
1.8270e-02	-5.600e+00	-1.120e+00
1.8319e-02	-5.000e+00	-1.000e+00
1.8369e-02	-5.600e+00	-1.120e+00
1.8419e-02	-5.000e+00	-1.000e+00
1.8469e-02	-5.600e+00	-1.120e+00
1.8519e-02	-5.000e+00	-1.000e+00
1.8569e-02	-5.600e+00	-1.120e+00
1.8619e-02	-5.000e+00	-1.000e+00
1.8669e-02	-5.600e+00	-1.120e+00
1.8719e-02	-5.000e+00	-1.000e+00
1.8769e-02	-5.600e+00	-1.120e+00
1.8819e-02	-5.000e+00	-1.000e+00
1.8869e-02	-5.600e+00	-1.120e+00
1.8918e-02	-5.000e+00	-1.000e+00
1.8968e-02	-5.600e+00	-1.120e+00
1.9018e-02	-5.000e+00	-1.000e+00
1.9068e-02	-5.600e+00	-1.120e+00
1.9118e-02	-5.000e+00	-1.000e+00
1.9168e-02	-5.600e+00	-1.120e+00
1.9218e-02	-5.000e+00	-1.000e+00
1.9268e-02	-5.600e+00	-1.120e+00
1.9318e-02	-5.200e+00	-1.040e+00
1.9368e-02	-5.600e+00	-1.120e+00
1.9418e-02	-5.200e+00	-1.040e+00
1.9468e-02	-5.600e+00	-1.120e+00
1.9517e-02	-5.200e+00	-1.040e+00
1.9567e-02	-5.600e+00	-1.120e+00
1.9617e-02	-5.000e+00	-1.000e+00
1.9667e-02	-5.200e+00	-1.040e+00
1.9717e-02	-5.600e+00	-1.120e+00
1.9767e-02	-5.200e+00	-1.040e+00
1.9817e-02	-5.600e+00	-1.120e+00
1.9867e-02	-5.600e+00	-1.120e+00
1.9917e-02	-5.200e+00	-1.040e+00
1.9967e-02	-5.600e+00	-1.120e+00
2.0017e-02	-5.200e+00	-1.040e+00
2.0067e-02	-5.200e+00	-1.040e+00
2.0116e-02	-5.600e+00	-1.120e+00
2.0166e-02	-5.600e+00	-1.120e+00
2.0216e-02	-5.000e+00	-1.000e+00
2.0266e-02	-5.600e+00	-1.120e+00
2.0316e-02	-5.000e+00	-1.000e+00
2.0366e-02	-5.200e+00	-1.040e+00
2.0416e-02	-5.600e+00	-1.120e+00
2.0466e-02	-5.200e+00	-1.040e+00
2.0516e-02	-5.600e+00	-1.120e+00
2.0566e-02	-5.600e+00	-1.120e+00
2.0616e-02	-5.200e+00	-1.040e+00
2.0666e-02	-5.200e+00	-1.040e+00
2.0715e-02	-5.600e+00	-1.120e+00
2.0765e-02	-5.600e+00	-1.120e+00
2.0815e-02	-5.000e+00	-1.000e+00
2.0865e-02	-5.000e+00	-1.000e+00
2.0915e-02	-5.600e+00	-1.120e+00
2.0965e-02	-5.600e+00	-1.120e+00
2.1015e-02	5.000e+00	1.000e+00
2.1065e-02	5.000e+00	1.000e+00
2.1115e-02	4.400e+00	8.800e-01
2.1165e-02	4.400e+00	8.800e-01
2.1215e-02	5.000e+00	1.000e+00
2.1265e-02	5.000e+00	1.000e+00
2.1314e-02	4.400e+00	8.800e-01
2.1364e-02	5.000e+00	1.000e+00
2.1414e-02	4.400e+00	8.800e-01
2.1464e-02	5.000e+00	1.000e+00
2.1514e-02	4.400e+00	8.800e-01
2.1564e-02	4.400e+00	8.800e-01
2.1614e-02	5.000e+00	1.000e+00
2.1664e-02	5.000e+00	1.000e+00
2.1714e-02	4.400e+00	8.800e-01
2.1764e-02	4.400e+00	8.800e-01
2.1814e-02	5.000e+00	1.000e+00
2.1864e-02	4.400e+00	8.800e-01
2.1913e-02	5.000e+00	1.000e+00
2.1963e-02	4.400e+00	8.800e-01
2.2013e-02	5.000e+00	1.000e+00
2.2063e-02	5.000e+00	1.000e+00
2.2113e-02	4.400e+00	8.800e-01
2.2163e-02	5.000e+00	1.000e+00
2.2213e-02	4.400e+00	8.800e-01
2.2263e-02	4.400e+00	8.800e-01
2.2313e-02	5.000e+00	1.000e+00
2.2363e-02	5.000e+00	1.000e+00
2.2413e-02	4.400e+00	8.800e-01
2.2463e-02	5.000e+00	1.000e+00
2.2512e-02	4.400e+00	8.800e-01
2.2562e-02	5.000e+00	1.000e+00
2.2612e-02	4.400e+00	8.800e-01
2.2662e-02	5.000e+00	1.000e+00
2.2712e-02	4.400e+00	8.800e-01
2.2762e-02	5.000e+00	1.000e+00
2.2812e-02	4.400e+00	8.800e-01
2.2862e-02	5.000e+00	1.000e+00
2.2912e-02	4.400e+00	8.800e-01
2.2962e-02	4.400e+00	8.800e-01
2.3012e-02	5.000e+00	1.000e+00
2.3062e-02	4.400e+00	8.800e-01
2.3111e-02	5.000e+00	1.000e+00
2.3161e-02	5.000e+00	1.000e+00
2.3211e-02	4.400e+00	8.800e-01
2.3261e-02	4.400e+00	8.800e-01
2.3311e-02	5.000e+00	1.000e+00
2.3361e-02	5.000e+00	1.000e+00
2.3411e-02	4.400e+00	8.800e-01
2.3461e-02	5.000e+00	1.000e+00
2.3511e-02	4.400e+00	8.800e-01
2.3561e-02	5.000e+00	1.000e+00
2.3611e-02	4.400e+00	8.800e-01
2.3661e-02	5.000e+00	1.000e+00
2.3710e-02	4.600e+00	9.200e-01
2.3760e-02	5.000e+00	1.000e+00
2.3810e-02	4.400e+00	8.800e-01
2.3860e-02	5.000e+00	1.000e+00
2.3910e-02	4.400e+00	8.800e-01
2.3960e-02	5.000e+00	1.000e+00
2.4010e-02	4.400e+00	8.800e-01
2.4060e-02	5.000e+00	1.000e+00
2.4110e-02	4.600e+00	9.200e-01
2.4160e-02	5.000e+00	1.000e+00
2.4210e-02	4.400e+00	8.800e-01
2.4260e-02	5.000e+00	1.000e+00
2.4309e-02	4.600e+00	9.200e-01
2.4359e-02	5.000e+00	1.000e+00
2.4409e-02	4.600e+00	9.200e-01
2.4459e-02	5.000e+00	1.000e+00
2.4509e-02	4.600e+00	9.200e-01
2.4559e-02	4.600e+00	9.200e-01
2.4609e-02	5.000e+00	1.000e+00
2.4659e-02	5.000e+00	1.000e+00
2.4709e-02	4.600e+00	9.200e-01
2.4759e-02	4.600e+00	9.200e-01
2.4809e-02	5.000e+00	1.000e+00
2.4859e-02	5.000e+00	1.000e+00
2.4908e-02	4.600e+00	9.200e-01
2.4958e-02	5.000e+00	1.000e+00
2.5008e-02	4.400e+00	8.800e-01
2.5058e-02	5.000e+00	1.000e+00
2.5108e-02	4.600e+00	9.200e-01
2.5158e-02	5.000e+00	1.000e+00
2.5208e-02	-5.800e+00	-1.160e+00
2.5258e-02	-5.000e+00	-1.000e+00
2.5308e-02	-5.600e+00	-1.120e+00
2.5358e-02	-5.600e+00	-1.120e+00
2.5408e-02	-5.000e+00	-1.000e+00
2.5458e-02	-5.000e+00	-1.000e+00
2.5507e-02	-5.600e+00	-1.120e+00
2.5557e-02	-5.600e+00	-1.120e+00
2.5607e-02	-5.000e+00	-1.000e+00
2.5657e-02	-5.000e+00	-1.000e+00
2.5707e-02	-5.600e+00	-1.120e+00
2.5757e-02	-5.000e+00	-1.000e+00
2.5807e-02	-5.600e+00	-1.120e+00
2.5857e-02	-5.000e+00	-1.000e+00
2.5907e-02	-5.600e+00	-1.120e+00
2.5957e-02	-5.000e+00	-1.000e+00
2.6007e-02	-5.600e+00	-1.120e+00
2.6057e-02	-5.000e+00	-1.000e+00
2.6106e-02	-5.600e+00	-1.120e+00
2.6156e-02	-5.000e+00	-1.000e+00
2.6206e-02	-5.600e+00	-1.120e+00
2.6256e-02	-5.000e+00	-1.000e+00
2.6306e-02	-5.600e+00	-1.120e+00
2.6356e-02	-5.600e+00	-1.120e+00
2.6406e-02	-5.000e+00	-1.000e+00
2.6456e-02	-5.000e+00	-1.000e+00
2.6506e-02	-5.600e+00	-1.120e+00
2.6556e-02	-5.600e+00	-1.120e+00
2.6606e-02	-5.000e+00	-1.000e+00
2.6656e-02	-5.000e+00	-1.000e+00
2.6705e-02	-5.600e+00	-1.120e+00
2.6755e-02	-5.000e+00	-1.000e+00
2.6805e-02	-5.600e+00	-1.120e+00
2.6855e-02	-5.600e+00	-1.120e+00
2.6905e-02	-5.000e+00	-1.000e+00
2.6955e-02	-5.600e+00	-1.120e+00
2.7005e-02	-5.200e+00	-1.040e+00
2.7055e-02	-5.600e+00	-1.120e+00
2.7105e-02	-5.000e+00	-1.000e+00
2.7155e-02	-5.600e+00	-1.120e+00
2.7205e-02	-5.000e+00	-1.000e+00
2.7255e-02	-5.600e+00	-1.120e+00
2.7304e-02	-5.000e+00	-1.000e+00
2.7354e-02	-5.600e+00	-1.120e+00
2.7404e-02	-5.000e+00	-1.000e+00
2.7454e-02	-5.600e+00	-1.120e+00
2.7504e-02	-5.000e+00	-1.000e+00
2.7554e-02	-5.600e+00	-1.120e+00
2.7604e-02	-5.200e+00	-1.040e+00
2.7654e-02	-5.000e+00	-1.000e+00
2.7704e-02	-5.600e+00	-1.120e+00
2.7754e-02	-5.600e+00	-1.120e+00
2.7804e-02	-5.200e+00	-1.040e+00
2.7854e-02	-5.200e+00	-1.040e+00
2.7903e-02	-5.600e+00	-1.120e+00
2.7953e-02	-5.200e+00	-1.040e+00
2.8003e-02	-5.600e+00	-1.120e+00
2.8053e-02	-5.200e+00	-1.040e+00
2.8103e-02	-5.600e+00	-1.120e+00
2.8153e-02	-5.600e+00	-1.120e+00
2.8203e-02	-5.000e+00	-1.000e+00
2.8253e-02	-5.600e+00	-1.120e+00
2.8303e-02	-5.200e+00	-1.040e+00
2.8353e-02	-5.200e+00	-1.040e+00
2.8403e-02	-5.600e+00	-1.120e+00
2.8453e-02	-5.200e+00	-1.040e+00
2.8502e-02	-5.600e+00	-1.120e+00
2.8552e-02	-5.600e+00	-1.120e+00
2.8602e-02	-5.200e+00	-1.040e+00
2.8652e-02	-5.600e+00	-1.120e+00
2.8702e-02	-5.200e+00	-1.040e+00
2.8752e-02	-5.600e+00	-1.120e+00
2.8802e-02	-5.000e+00	-1.000e+00
2.8852e-02	-5.600e+00	-1.120e+00
2.8902e-02	-5.200e+00	-1.040e+00
2.8952e-02	-5.200e+00	-1.040e+00
2.9002e-02	-5.800e+00	-1.160e+00
2.9052e-02	-5.600e+00	-1.120e+00
2.9101e-02	-5.200e+00	-1.040e+00
2.9151e-02	-5.200e+00	-1.040e+00
2.9201e-02	-5.600e+00	-1.120e+00
2.9251e-02	-5.600e+00	-1.120e+00
2.9301e-02	-5.000e+00	-1.000e+00
2.9351e-02	-5.600e+00	-1.120e+00
2.9401e-02	5.000e+00	1.000e+00
2.9451e-02	5.000e+00	1.000e+00
2.9501e-02	4.400e+00	8.800e-01
2.9551e-02	4.400e+00	8.800e-01
2.9601e-02	5.000e+00	1.000e+00
2.9651e-02	4.400e+00	8.800e-01
2.9700e-02	5.000e+00	1.000e+00
2.9750e-02	5.000e+00	1.000e+00
2.9800e-02	4.400e+00	8.800e-01
2.9850e-02	5.000e+00	1.000e+00
2.9900e-02	4.400e+00	8.800e-01
2.9950e-02	2.300e+01	4.600e+00
