Record Length,2.500000e+03,,  -0.000110000000, 800.00000,
Sample Interval,1.000000e-07,,  -0.000109900000,1000.00000,
Trigger Point,1.100000000000e+03,,  -0.000109800000,1200.00000,
,,,  -0.000109700000,1200.00000,
,,,  -0.000109600000,1200.00000,
,,,  -0.000109500000,1200.00000,
Source,CH2,,  -0.000109400000,1200.00000,
Vertical Units,V,,  -0.000109300000,1400.00000,
Vertical Scale,5.000000e+03,,  -0.000109200000,1600.00000,
Vertical Offset,0.000000e+00,,  -0.000109100000,1400.00000,
Horizontal Units,s,,  -0.000109000000,1400.00000,
Horizontal Scale,2.500000e-05,,  -0.000108900000,1400.00000,
Pt Fmt,Y,,  -0.000108800000,1800.00000,
Yzero,0.000000e+00,,  -0.000108700000,1800.00000,
Probe Atten,1.000000e+03,,  -0.000108600000,1600.00000,
Model Number,TDS2022B,,  -0.000108500000,1800.00000,
Serial Number,C055418,,  -0.000108400000,1800.00000,
Firmware Version,FV:v22.16,,  -0.000108300000,1800.00000,
,,,-00.000108200000,1800.00000,
,,,-00.000108100000,2200.00000,
,,,-00.000108000000,2200.00000,
,,,-00.000107900000,2000.00000,
,,,-00.000107800000,2000.00000,
,,,-00.000107700000,2200.00000,
,,,-00.000107600000,2200.00000,
,,,-00.000107500000,2200.00000,
,,,-00.000107400000,2200.00000,
,,,-00.000107300000,2400.00000,
,,,-00.000107200000,2200.00000,
,,,-00.000107100000,2200.00000,
,,,-00.000107000000,2400.00000,
,,,-00.000106900000,2400.00000,
,,,-00.000106800000,2200.00000,
,,,-00.000106700000,2400.00000,
,,,-00.000106600000,2600.00000,
,,,-00.000106500000,2600.00000,
,,,-00.000106400000,2600.00000,
,,,-00.000106300000,2600.00000,
,,,-00.000106200000,2800.00000,
,,,-00.000106100000,2800.00000,
,,,-00.000106000000,2800.00000,
,,,-00.000105900000,2800.00000,
,,,-00.000105800000,3000.00000,
,,,-00.000105700000,3000.00000,
,,,-00.000105600000,3000.00000,
,,,-00.000105500000,3200.00000,
,,,-00.000105400000,3200.00000,
,,,-00.000105300000,3200.00000,
,,,-00.000105200000,3200.00000,
,,,-00.000105100000,3200.00000,
,,,-00.000105000000,3200.00000,
,,,-00.000104900000,3400.00000,
,,,-00.000104800000,3400.00000,
,,,-00.000104700000,3600.00000,
,,,-00.000104600000,3400.00000,
,,,-00.000104500000,3400.00000,
,,,-00.000104400000,3600.00000,
,,,-00.000104300000,3400.00000,
,,,-00.000104200000,3600.00000,
,,,-00.000104100000,3600.00000,
,,,-00.000104000000,3800.00000,
,,,-00.000103900000,3600.00000,
,,,-00.000103800000,3800.00000,
,,,-00.000103700000,3600.00000,
,,,-00.000103600000,3600.00000,
,,,-00.000103500000,4000.00000,
,,,-00.000103400000,4000.00000,
,,,-00.000103300000,4000.00000,
,,,-00.000103200000,4200.00000,
,,,-00.000103100000,4200.00000,
,,,-00.000103000000,4000.00000,
,,,-00.000102900000,4200.00000,
,,,-00.000102800000,4200.00000,
,,,-00.000102700000,4400.00000,
,,,-00.000102600000,4200.00000,
,,,-00.000102500000,4200.00000,
,,,-00.000102400000,4400.00000,
,,,-00.000102300000,4600.00000,
,,,-00.000102200000,4400.00000,
,,,-00.000102100000,4400.00000,
,,,-00.000102000000,4600.00000,
,,,-00.000101900000,4800.00000,
,,,-00.000101800000,4600.00000,
,,,-00.000101700000,4800.00000,
,,,-00.000101600000,5000.00000,
,,,-00.000101500000,4800.00000,
,,,-00.000101400000,5000.00000,
,,,-00.000101300000,4800.00000,
,,,-00.000101200000,5000.00000,
,,,-00.000101100000,5000.00000,
,,,-00.000101000000,5200.00000,
,,,-00.000100900000,5200.00000,
,,,-00.000100800000,5200.00000,
,,,-00.000100700000,5200.00000,
,,,-00.000100600000,5400.00000,
,,,-00.000100500000,5200.00000,
,,,-00.000100400000,5200.00000,
,,,-00.000100300000,5200.00000,
,,,-00.000100200000,5200.00000,
,,,-00.000100100000,5200.00000,
,,,-00.000100000000,5400.00000,
,,,-00.000099900000,5600.00000,
,,,-00.000099800000,5600.00000,
,,,-00.000099700000,5600.00000,
,,,-00.000099600000,5600.00000,
,,,-00.000099500000,5800.00000,
,,,-00.000099400000,5400.00000,
,,,-00.000099300000,5600.00000,
,,,-00.000099200000,5600.00000,
,,,-00.000099100000,5800.00000,
,,,-00.000099000000,5800.00000,
,,,-00.000098900000,5800.00000,
,,,-00.000098800000,6000.00000,
,,,-00.000098700000,6200.00000,
,,,-00.000098600000,5800.00000,
,,,-00.000098500000,6000.00000,
,,,-00.000098400000,6000.00000,
,,,-00.000098300000,6200.00000,
,,,-00.000098200000,6200.00000,
,,,-00.000098100000,6400.00000,
,,,-00.000098000000,6200.00000,
,,,-00.000097900000,6200.00000,
,,,-00.000097800000,6200.00000,
,,,-00.000097700000,6200.00000,
,,,-00.000097600000,6400.00000,
,,,-00.000097500000,6400.00000,
,,,-00.000097400000,6400.00000,
,,,-00.000097300000,6400.00000,
,,,-00.000097200000,6600.00000,
,,,-00.000097100000,6400.00000,
,,,-00.000097000000,6600.00000,
,,,-00.000096900000,6600.00000,
,,,-00.000096800000,6600.00000,
,,,-00.000096700000,6600.00000,
,,,-00.000096600000,6800.00000,
,,,-00.000096500000,7000.00000,
,,,-00.000096400000,6800.00000,
,,,-00.000096300000,6800.00000,
,,,-00.000096200000,7000.00000,
,,,-00.000096100000,7000.00000,
,,,-00.000096000000,7000.00000,
,,,-00.000095900000,6800.00000,
,,,-00.000095800000,7000.00000,
,,,-00.000095700000,7000.00000,
,,,-00.000095600000,7000.00000,
,,,-00.000095500000,7000.00000,
,,,-00.000095400000,7200.00000,
,,,-00.000095300000,7200.00000,
,,,-00.000095200000,7000.00000,
,,,-00.000095100000,7200.00000,
,,,-00.000095000000,7000.00000,
,,,-00.000094900000,7400.00000,
,,,-00.000094800000,7400.00000,
,,,-00.000094700000,7400.00000,
,,,-00.000094600000,7400.00000,
,,,-00.000094500000,7200.00000,
,,,-00.000094400000,7400.00000,
,,,-00.000094300000,7600.00000,
,,,-00.000094200000,7600.00000,
,,,-00.000094100000,7600.00000,
,,,-00.000094000000,7600.00000,
,,,-00.000093900000,7600.00000,
,,,-00.000093800000,7600.00000,
,,,-00.000093700000,7800.00000,
,,,-00.000093600000,8000.00000,
,,,-00.000093500000,7800.00000,
,,,-00.000093400000,8000.00000,
,,,-00.000093300000,7800.00000,
,,,-00.000093200000,8000.00000,
,,,-00.000093100000,8000.00000,
,,,-00.000093000000,7800.00000,
,,,-00.000092900000,7800.00000,
,,,-00.000092800000,8000.00000,
,,,-00.000092700000,8000.00000,
,,,-00.000092600000,8000.00000,
,,,-00.000092500000,8200.00000,
,,,-00.000092400000,8400.00000,
,,,-00.000092300000,8200.00000,
,,,-00.000092200000,8200.00000,
,,,-00.000092100000,8200.00000,
,,,-00.000092000000,8200.00000,
,,,-00.000091900000,8000.00000,
,,,-00.000091800000,8600.00000,
,,,-00.000091700000,8400.00000,
,,,-00.000091600000,8200.00000,
,,,-00.000091500000,8600.00000,
,,,-00.000091400000,8400.00000,
,,,-00.000091300000,8000.00000,
,,,-00.000091200000,8600.00000,
,,,-00.000091100000,8400.00000,
,,,-00.000091000000,8600.00000,
,,,-00.000090900000,8400.00000,
,,,-00.000090800000,8400.00000,
,,,-00.000090700000,8600.00000,
,,,-00.000090600000,8600.00000,
,,,-00.000090500000,8400.00000,
,,,-00.000090400000,8600.00000,
,,,-00.000090300000,8600.00000,
,,,-00.000090200000,8600.00000,
,,,-00.000090100000,8800.00000,
,,,-00.000090000000,8600.00000,
,,,-00.000089900000,8800.00000,
,,,-00.000089800000,8600.00000,
,,,-00.000089700000,8800.00000,
,,,-00.000089600000,8800.00000,
,,,-00.000089500000,8800.00000,
,,,-00.000089400000,9000.00000,
,,,-00.000089300000,8600.00000,
,,,-00.000089200000,9000.00000,
,,,-00.000089100000,9000.00000,
,,,-00.000089000000,9200.00000,
,,,-00.000088900000,9000.00000,
,,,-00.000088800000,9200.00000,
,,,-00.000088700000,9200.00000,
,,,-00.000088600000,9000.00000,
,,,-00.000088500000,9000.00000,
,,,-00.000088400000,9000.00000,
,,,-00.000088300000,9400.00000,
,,,-00.000088200000,9000.00000,
,,,-00.000088100000,9000.00000,
,,,-00.000088000000,9200.00000,
,,,-00.000087900000,9200.00000,
,,,-00.000087800000,9200.00000,
,,,-00.000087700000,9000.00000,
,,,-00.000087600000,9000.00000,
,,,-00.000087500000,9200.00000,
,,,-00.000087400000,9000.00000,
,,,-00.000087300000,9400.00000,
,,,-00.000087200000,9400.00000,
,,,-00.000087100000,9400.00000,
,,,-00.000087000000,9200.00000,
,,,-00.000086900000,9200.00000,
,,,-00.000086800000,9200.00000,
,,,-00.000086700000,9400.00000,
,,,-00.000086600000,9200.00000,
,,,-00.000086500000,9400.00000,
,,,-00.000086400000,9400.00000,
,,,-00.000086300000,9400.00000,
,,,-00.000086200000,9200.00000,
,,,-00.000086100000,9400.00000,
,,,-00.000086000000,9400.00000,
,,,-00.000085900000,9200.00000,
,,,-00.000085800000,9400.00000,
,,,-00.000085700000,9400.00000,
,,,-00.000085600000,9600.00000,
,,,-00.000085500000,9600.00000,
,,,-00.000085400000,9600.00000,
,,,-00.000085300000,9400.00000,
,,,-00.000085200000,9400.00000,
,,,-00.000085100000,9600.00000,
,,,-00.000085000000,9400.00000,
,,,-00.000084900000,9400.00000,
,,,-00.000084800000,9200.00000,
,,,-00.000084700000,9400.00000,
,,,-00.000084600000,9400.00000,
,,,-00.000084500000,9400.00000,
,,,-00.000084400000,9400.00000,
,,,-00.000084300000,9600.00000,
,,,-00.000084200000,9400.00000,
,,,-00.000084100000,9400.00000,
,,,-00.000084000000,9600.00000,
,,,-00.000083900000,9400.00000,
,,,-00.000083800000,9200.00000,
,,,-00.000083700000,9400.00000,
,,,-00.000083600000,9600.00000,
,,,-00.000083500000,9600.00000,
,,,-00.000083400000,9400.00000,
,,,-00.000083300000,9400.00000,
,,,-00.000083200000,9600.00000,
,,,-00.000083100000,9600.00000,
,,,-00.000083000000,9400.00000,
,,,-00.000082900000,9400.00000,
,,,-00.000082800000,9600.00000,
,,,-00.000082700000,9400.00000,
,,,-00.000082600000,9400.00000,
,,,-00.000082500000,9400.00000,
,,,-00.000082400000,9200.00000,
,,,-00.000082300000,9200.00000,
,,,-00.000082200000,9400.00000,
,,,-00.000082100000,9400.00000,
,,,-00.000082000000,9400.00000,
,,,-00.000081900000,9200.00000,
,,,-00.000081800000,9200.00000,
,,,-00.000081700000,9200.00000,
,,,-00.000081600000,9200.00000,
,,,-00.000081500000,9000.00000,
,,,-00.000081400000,9200.00000,
,,,-00.000081300000,9000.00000,
,,,-00.000081200000,9200.00000,
,,,-00.000081100000,9200.00000,
,,,-00.000081000000,9000.00000,
,,,-00.000080900000,9000.00000,
,,,-00.000080800000,9000.00000,
,,,-00.000080700000,9200.00000,
,,,-00.000080600000,9000.00000,
,,,-00.000080500000,9200.00000,
,,,-00.000080400000,8800.00000,
,,,-00.000080300000,8800.00000,
,,,-00.000080200000,8800.00000,
,,,-00.000080100000,8800.00000,
,,,-00.000080000000,8800.00000,
,,,-00.000079900000,8600.00000,
,,,-00.000079800000,8600.00000,
,,,-00.000079700000,8400.00000,
,,,-00.000079600000,8600.00000,
,,,-00.000079500000,8800.00000,
,,,-00.000079400000,8400.00000,
,,,-00.000079300000,8600.00000,
,,,-00.000079200000,8400.00000,
,,,-00.000079100000,8600.00000,
,,,-00.000079000000,8400.00000,
,,,-00.000078900000,8200.00000,
,,,-00.000078800000,8400.00000,
,,,-00.000078700000,8400.00000,
,,,-00.000078600000,8200.00000,
,,,-00.000078500000,8200.00000,
,,,-00.000078400000,8400.00000,
,,,-00.000078300000,8400.00000,
,,,-00.000078200000,8400.00000,
,,,-00.000078100000,8200.00000,
,,,-00.000078000000,8200.00000,
,,,-00.000077900000,8000.00000,
,,,-00.000077800000,8000.00000,
,,,-00.000077700000,7800.00000,
,,,-00.000077600000,7800.00000,
,,,-00.000077500000,8000.00000,
,,,-00.000077400000,7800.00000,
,,,-00.000077300000,7800.00000,
,,,-00.000077200000,7400.00000,
,,,-00.000077100000,7400.00000,
,,,-00.000077000000,7600.00000,
,,,-00.000076900000,7800.00000,
,,,-00.000076800000,7600.00000,
,,,-00.000076700000,7400.00000,
,,,-00.000076600000,7200.00000,
,,,-00.000076500000,7400.00000,
,,,-00.000076400000,7400.00000,
,,,-00.000076300000,7000.00000,
,,,-00.000076200000,7400.00000,
,,,-00.000076100000,7200.00000,
,,,-00.000076000000,7200.00000,
,,,-00.000075900000,7200.00000,
,,,-00.000075800000,6800.00000,
,,,-00.000075700000,7000.00000,
,,,-00.000075600000,6800.00000,
,,,-00.000075500000,6800.00000,
,,,-00.000075400000,6800.00000,
,,,-00.000075300000,6800.00000,
,,,-00.000075200000,6600.00000,
,,,-00.000075100000,6600.00000,
,,,-00.000075000000,6600.00000,
,,,-00.000074900000,6400.00000,
,,,-00.000074800000,6400.00000,
,,,-00.000074700000,6400.00000,
,,,-00.000074600000,6400.00000,
,,,-00.000074500000,6400.00000,
,,,-00.000074400000,6200.00000,
,,,-00.000074300000,6200.00000,
,,,-00.000074200000,6200.00000,
,,,-00.000074100000,6200.00000,
,,,-00.000074000000,5800.00000,
,,,-00.000073900000,5800.00000,
,,,-00.000073800000,6200.00000,
,,,-00.000073700000,5800.00000,
,,,-00.000073600000,6000.00000,
,,,-00.000073500000,5800.00000,
,,,-00.000073400000,5800.00000,
,,,-00.000073300000,5800.00000,
,,,-00.000073200000,5800.00000,
,,,-00.000073100000,5800.00000,
,,,-00.000073000000,5600.00000,
,,,-00.000072900000,5600.00000,
,,,-00.000072800000,5600.00000,
,,,-00.000072700000,5400.00000,
,,,-00.000072600000,5600.00000,
,,,-00.000072500000,5200.00000,
,,,-00.000072400000,5200.00000,
,,,-00.000072300000,5400.00000,
,,,-00.000072200000,5400.00000,
,,,-00.000072100000,5000.00000,
,,,-00.000072000000,5200.00000,
,,,-00.000071900000,5000.00000,
,,,-00.000071800000,5000.00000,
,,,-00.000071700000,5000.00000,
,,,-00.000071600000,5000.00000,
,,,-00.000071500000,5000.00000,
,,,-00.000071400000,4800.00000,
,,,-00.000071300000,4800.00000,
,,,-00.000071200000,4800.00000,
,,,-00.000071100000,4800.00000,
,,,-00.000071000000,4600.00000,
,,,-00.000070900000,4600.00000,
,,,-00.000070800000,4800.00000,
,,,-00.000070700000,4400.00000,
,,,-00.000070600000,4600.00000,
,,,-00.000070500000,4400.00000,
,,,-00.000070400000,4400.00000,
,,,-00.000070300000,4200.00000,
,,,-00.000070200000,4400.00000,
,,,-00.000070100000,4200.00000,
,,,-00.000070000000,4000.00000,
,,,-00.000069900000,4000.00000,
,,,-00.000069800000,4200.00000,
,,,-00.000069700000,4000.00000,
,,,-00.000069600000,4000.00000,
,,,-00.000069500000,3800.00000,
,,,-00.000069400000,3800.00000,
,,,-00.000069300000,3800.00000,
,,,-00.000069200000,4000.00000,
,,,-00.000069100000,3800.00000,
,,,-00.000069000000,3800.00000,
,,,-00.000068900000,3800.00000,
,,,-00.000068800000,3800.00000,
,,,-00.000068700000,3600.00000,
,,,-00.000068600000,3600.00000,
,,,-00.000068500000,3800.00000,
,,,-00.000068400000,3600.00000,
,,,-00.000068300000,3200.00000,
,,,-00.000068200000,3400.00000,
,,,-00.000068100000,3200.00000,
,,,-00.000068000000,3200.00000,
,,,-00.000067900000,3200.00000,
,,,-00.000067800000,3200.00000,
,,,-00.000067700000,3000.00000,
,,,-00.000067600000,3200.00000,
,,,-00.000067500000,3000.00000,
,,,-00.000067400000,3000.00000,
,,,-00.000067300000,3000.00000,
,,,-00.000067200000,2600.00000,
,,,-00.000067100000,2800.00000,
,,,-00.000067000000,2800.00000,
,,,-00.000066900000,2600.00000,
,,,-00.000066800000,2600.00000,
,,,-00.000066700000,2400.00000,
,,,-00.000066600000,2600.00000,
,,,-00.000066500000,2400.00000,
,,,-00.000066400000,2400.00000,
,,,-00.000066300000,2400.00000,
,,,-00.000066200000,2400.00000,
,,,-00.000066100000,2400.00000,
,,,-00.000066000000,2200.00000,
,,,-00.000065900000,2200.00000,
,,,-00.000065800000,2200.00000,
,,,-00.000065700000,2200.00000,
,,,-00.000065600000,2000.00000,
,,,-00.000065500000,2000.00000,
,,,-00.000065400000,2000.00000,
,,,-00.000065300000,2000.00000,
,,,-00.000065200000,2000.00000,
,,,-00.000065100000,1800.00000,
,,,-00.000065000000,1800.00000,
,,,-00.000064900000,1800.00000,
,,,-00.000064800000,2000.00000,
,,,-00.000064700000,1600.00000,
,,,-00.000064600000,1600.00000,
,,,-00.000064500000,1600.00000,
,,,-00.000064400000,1600.00000,
,,,-00.000064300000,1400.00000,
,,,-00.000064200000,1600.00000,
,,,-00.000064100000,1200.00000,
,,,-00.000064000000,1400.00000,
,,,-00.000063900000,1400.00000,
,,,-00.000063800000,1200.00000,
,,,-00.000063700000,1000.00000,
,,,-00.000063600000,1000.00000,
,,,-00.000063500000,1000.00000,
,,,-00.000063400000,1000.00000,
,,,-00.000063300000,1200.00000,
,,,-00.000063200000,1000.00000,
,,,-00.000063100000,1000.00000,
,,,-00.000063000000, 800.00000,
,,,-00.000062900000, 800.00000,
,,,-00.000062800000, 800.00000,
,,,-00.000062700000,1000.00000,
,,,-00.000062600000, 600.00000,
,,,-00.000062500000, 400.00000,
,,,-00.000062400000, 400.00000,
,,,-00.000062300000, 600.00000,
,,,-00.000062200000, 400.00000,
,,,-00.000062100000, 600.00000,
,,,-00.000062000000, 200.00000,
,,,-00.000061900000, 400.00000,
,,,-00.000061800000, 400.00000,
,,,-00.000061700000, 200.00000,
,,,-00.000061600000,   0.00000,
,,,-00.000061500000, 200.00000,
,,,-00.000061400000, 200.00000,
,,,-00.000061300000,   0.00000,
,,,-00.000061200000,   0.00000,
,,,-00.000061100000,   0.00000,
,,,-00.000061000000,-200.00000,
,,,-00.000060900000,   0.00000,
,,,-00.000060800000,-200.00000,
,,,-00.000060700000,   0.00000,
,,,-00.000060600000,-400.00000,
,,,-00.000060500000,-400.00000,
,,,-00.000060400000,-400.00000,
,,,-00.000060300000,-600.00000,
,,,-00.000060200000,-400.00000,
,,,-00.000060100000,-400.00000,
,,,-00.000060000000,-600.00000,
,,,-00.000059900000,-600.00000,
,,,-00.000059800000,-600.00000,
,,,-00.000059700000,-800.00000,
,,,-00.000059600000,-1000.00000,
,,,-00.000059500000,-800.00000,
,,,-00.000059400000,-800.00000,
,,,-00.000059300000,-1000.00000,
,,,-00.000059200000,-800.00000,
,,,-00.000059100000,-1200.00000,
,,,-00.000059000000,-1000.00000,
,,,-00.000058900000,-1000.00000,
,,,-00.000058800000,-1200.00000,
,,,-00.000058700000,-1200.00000,
,,,-00.000058600000,-800.00000,
,,,-00.000058500000,-1000.00000,
,,,-00.000058400000,-1400.00000,
,,,-00.000058300000,-1400.00000,
,,,-00.000058200000,-1200.00000,
,,,-00.000058100000,-1400.00000,
,,,-00.000058000000,-1400.00000,
,,,-00.000057900000,-1400.00000,
,,,-00.000057800000,-1600.00000,
,,,-00.000057700000,-1600.00000,
,,,-00.000057600000,-1600.00000,
,,,-00.000057500000,-1600.00000,
,,,-00.000057400000,-1600.00000,
,,,-00.000057300000,-2000.00000,
,,,-00.000057200000,-1800.00000,
,,,-00.000057100000,-1800.00000,
,,,-00.000057000000,-1800.00000,
,,,-00.000056900000,-2000.00000,
,,,-00.000056800000,-2000.00000,
,,,-00.000056700000,-2200.00000,
,,,-00.000056600000,-2000.00000,
,,,-00.000056500000,-2200.00000,
,,,-00.000056400000,-2200.00000,
,,,-00.000056300000,-2200.00000,
,,,-00.000056200000,-2200.00000,
,,,-00.000056100000,-2400.00000,
,,,-00.000056000000,-2800.00000,
,,,-00.000055900000,-2400.00000,
,,,-00.000055800000,-2400.00000,
,,,-00.000055700000,-2600.00000,
,,,-00.000055600000,-2400.00000,
,,,-00.000055500000,-2800.00000,
,,,-00.000055400000,-2600.00000,
,,,-00.000055300000,-2600.00000,
,,,-00.000055200000,-2600.00000,
,,,-00.000055100000,-2800.00000,
,,,-00.000055000000,-3000.00000,
,,,-00.000054900000,-3000.00000,
,,,-00.000054800000,-2800.00000,
,,,-00.000054700000,-3000.00000,
,,,-00.000054600000,-3200.00000,
,,,-00.000054500000,-3000.00000,
,,,-00.000054400000,-3000.00000,
,,,-00.000054300000,-3200.00000,
,,,-00.000054200000,-3000.00000,
,,,-00.000054100000,-3400.00000,
,,,-00.000054000000,-3400.00000,
,,,-00.000053900000,-3400.00000,
,,,-00.000053800000,-3400.00000,
,,,-00.000053700000,-3400.00000,
,,,-00.000053600000,-3600.00000,
,,,-00.000053500000,-3400.00000,
,,,-00.000053400000,-3400.00000,
,,,-00.000053300000,-3400.00000,
,,,-00.000053200000,-3800.00000,
,,,-00.000053100000,-3800.00000,
,,,-00.000053000000,-3600.00000,
,,,-00.000052900000,-3600.00000,
,,,-00.000052800000,-3600.00000,
,,,-00.000052700000,-4000.00000,
,,,-00.000052600000,-4000.00000,
,,,-00.000052500000,-3600.00000,
,,,-00.000052400000,-4000.00000,
,,,-00.000052300000,-3800.00000,
,,,-00.000052200000,-4200.00000,
,,,-00.000052100000,-4000.00000,
,,,-00.000052000000,-4200.00000,
,,,-00.000051900000,-4000.00000,
,,,-00.000051800000,-4200.00000,
,,,-00.000051700000,-4200.00000,
,,,-00.000051600000,-4600.00000,
,,,-00.000051500000,-4200.00000,
,,,-00.000051400000,-4400.00000,
,,,-00.000051300000,-4400.00000,
,,,-00.000051200000,-4400.00000,
,,,-00.000051100000,-4400.00000,
,,,-00.000051000000,-4200.00000,
,,,-00.000050900000,-4600.00000,
,,,-00.000050800000,-4600.00000,
,,,-00.000050700000,-4800.00000,
,,,-00.000050600000,-4800.00000,
,,,-00.000050500000,-4800.00000,
,,,-00.000050400000,-4600.00000,
,,,-00.000050300000,-4800.00000,
,,,-00.000050200000,-5000.00000,
,,,-00.000050100000,-4800.00000,
,,,-00.000050000000,-4800.00000,
,,,-00.000049900000,-4800.00000,
,,,-00.000049800000,-4800.00000,
,,,-00.000049700000,-5200.00000,
,,,-00.000049600000,-5000.00000,
,,,-00.000049500000,-5000.00000,
,,,-00.000049400000,-5000.00000,
,,,-00.000049300000,-5200.00000,
,,,-00.000049200000,-5400.00000,
,,,-00.000049100000,-5200.00000,
,,,-00.000049000000,-5400.00000,
,,,-00.000048900000,-5400.00000,
,,,-00.000048800000,-5200.00000,
,,,-00.000048700000,-5200.00000,
,,,-00.000048600000,-5400.00000,
,,,-00.000048500000,-5400.00000,
,,,-00.000048400000,-5600.00000,
,,,-00.000048300000,-5400.00000,
,,,-00.000048200000,-5600.00000,
,,,-00.000048100000,-5600.00000,
,,,-00.000048000000,-5600.00000,
,,,-00.000047900000,-5600.00000,
,,,-00.000047800000,-5400.00000,
,,,-00.000047700000,-5600.00000,
,,,-00.000047600000,-5800.00000,
,,,-00.000047500000,-6000.00000,
,,,-00.000047400000,-5800.00000,
,,,-00.000047300000,-5800.00000,
,,,-00.000047200000,-5800.00000,
,,,-00.000047100000,-6000.00000,
,,,-00.000047000000,-5800.00000,
,,,-00.000046900000,-6000.00000,
,,,-00.000046800000,-6000.00000,
,,,-00.000046700000,-6200.00000,
,,,-00.000046600000,-6000.00000,
,,,-00.000046500000,-6400.00000,
,,,-00.000046400000,-6200.00000,
,,,-00.000046300000,-6200.00000,
,,,-00.000046200000,-6400.00000,
,,,-00.000046100000,-6600.00000,
,,,-00.000046000000,-6200.00000,
,,,-00.000045900000,-6400.00000,
,,,-00.000045800000,-6400.00000,
,,,-00.000045700000,-6400.00000,
,,,-00.000045600000,-6600.00000,
,,,-00.000045500000,-6600.00000,
,,,-00.000045400000,-6600.00000,
,,,-00.000045300000,-6800.00000,
,,,-00.000045200000,-6600.00000,
,,,-00.000045100000,-6800.00000,
,,,-00.000045000000,-6600.00000,
,,,-00.000044900000,-6800.00000,
,,,-00.000044800000,-6400.00000,
,,,-00.000044700000,-6800.00000,
,,,-00.000044600000,-6800.00000,
,,,-00.000044500000,-7000.00000,
,,,-00.000044400000,-6600.00000,
,,,-00.000044300000,-6800.00000,
,,,-00.000044200000,-7000.00000,
,,,-00.000044100000,-7000.00000,
,,,-00.000044000000,-7000.00000,
,,,-00.000043900000,-6800.00000,
,,,-00.000043800000,-7000.00000,
,,,-00.000043700000,-7200.00000,
,,,-00.000043600000,-7000.00000,
,,,-00.000043500000,-7000.00000,
,,,-00.000043400000,-7200.00000,
,,,-00.000043300000,-7200.00000,
,,,-00.000043200000,-7400.00000,
,,,-00.000043100000,-7400.00000,
,,,-00.000043000000,-7400.00000,
,,,-00.000042900000,-7400.00000,
,,,-00.000042800000,-7200.00000,
,,,-00.000042700000,-7600.00000,
,,,-00.000042600000,-7200.00000,
,,,-00.000042500000,-7600.00000,
,,,-00.000042400000,-7600.00000,
,,,-00.000042300000,-7600.00000,
,,,-00.000042200000,-7400.00000,
,,,-00.000042100000,-7600.00000,
,,,-00.000042000000,-7800.00000,
,,,-00.000041900000,-7800.00000,
,,,-00.000041800000,-8000.00000,
,,,-00.000041700000,-7600.00000,
,,,-00.000041600000,-7800.00000,
,,,-00.000041500000,-7600.00000,
,,,-00.000041400000,-7800.00000,
,,,-00.000041300000,-7600.00000,
,,,-00.000041200000,-7800.00000,
,,,-00.000041100000,-7800.00000,
,,,-00.000041000000,-8200.00000,
,,,-00.000040900000,-8200.00000,
,,,-00.000040800000,-8200.00000,
,,,-00.000040700000,-8200.00000,
,,,-00.000040600000,-8000.00000,
,,,-00.000040500000,-8000.00000,
,,,-00.000040400000,-8000.00000,
,,,-00.000040300000,-8000.00000,
,,,-00.000040200000,-8000.00000,
,,,-00.000040100000,-8200.00000,
,,,-00.000040000000,-8000.00000,
,,,-00.000039900000,-8200.00000,
,,,-00.000039800000,-8200.00000,
,,,-00.000039700000,-8200.00000,
,,,-00.000039600000,-8200.00000,
,,,-00.000039500000,-8400.00000,
,,,-00.000039400000,-8200.00000,
,,,-00.000039300000,-8200.00000,
,,,-00.000039200000,-8400.00000,
,,,-00.000039100000,-8600.00000,
,,,-00.000039000000,-8600.00000,
,,,-00.000038900000,-8400.00000,
,,,-00.000038800000,-8200.00000,
,,,-00.000038700000,-8600.00000,
,,,-00.000038600000,-8600.00000,
,,,-00.000038500000,-8600.00000,
,,,-00.000038400000,-8600.00000,
,,,-00.000038300000,-8800.00000,
,,,-00.000038200000,-8600.00000,
,,,-00.000038100000,-8800.00000,
,,,-00.000038000000,-8600.00000,
,,,-00.000037900000,-8600.00000,
,,,-00.000037800000,-8600.00000,
,,,-00.000037700000,-8800.00000,
,,,-00.000037600000,-8600.00000,
,,,-00.000037500000,-8600.00000,
,,,-00.000037400000,-9000.00000,
,,,-00.000037300000,-9000.00000,
,,,-00.000037200000,-8600.00000,
,,,-00.000037100000,-8800.00000,
,,,-00.000037000000,-8800.00000,
,,,-00.000036900000,-8800.00000,
,,,-00.000036800000,-9000.00000,
,,,-00.000036700000,-8800.00000,
,,,-00.000036600000,-9000.00000,
,,,-00.000036500000,-9000.00000,
,,,-00.000036400000,-9000.00000,
,,,-00.000036300000,-9000.00000,
,,,-00.000036200000,-9000.00000,
,,,-00.000036100000,-9000.00000,
,,,-00.000036000000,-9000.00000,
,,,-00.000035900000,-9200.00000,
,,,-00.000035800000,-9000.00000,
,,,-00.000035700000,-9000.00000,
,,,-00.000035600000,-9000.00000,
,,,-00.000035500000,-9000.00000,
,,,-00.000035400000,-9000.00000,
,,,-00.000035300000,-9000.00000,
,,,-00.000035200000,-9000.00000,
,,,-00.000035100000,-9000.00000,
,,,-00.000035000000,-8800.00000,
,,,-00.000034900000,-9000.00000,
,,,-00.000034800000,-9200.00000,
,,,-00.000034700000,-9200.00000,
,,,-00.000034600000,-9000.00000,
,,,-00.000034500000,-9000.00000,
,,,-00.000034400000,-9000.00000,
,,,-00.000034300000,-9200.00000,
,,,-00.000034200000,-9000.00000,
,,,-00.000034100000,-9000.00000,
,,,-00.000034000000,-9200.00000,
,,,-00.000033900000,-9000.00000,
,,,-00.000033800000,-9000.00000,
,,,-00.000033700000,-9000.00000,
,,,-00.000033600000,-9000.00000,
,,,-00.000033500000,-9000.00000,
,,,-00.000033400000,-8800.00000,
,,,-00.000033300000,-9000.00000,
,,,-00.000033200000,-8800.00000,
,,,-00.000033100000,-9000.00000,
,,,-00.000033000000,-9000.00000,
,,,-00.000032900000,-8800.00000,
,,,-00.000032800000,-8800.00000,
,,,-00.000032700000,-9000.00000,
,,,-00.000032600000,-8800.00000,
,,,-00.000032500000,-9000.00000,
,,,-00.000032400000,-9000.00000,
,,,-00.000032300000,-9000.00000,
,,,-00.000032200000,-8800.00000,
,,,-00.000032100000,-9000.00000,
,,,-00.000032000000,-8800.00000,
,,,-00.000031900000,-8800.00000,
,,,-00.000031800000,-8800.00000,
,,,-00.000031700000,-8600.00000,
,,,-00.000031600000,-8800.00000,
,,,-00.000031500000,-8600.00000,
,,,-00.000031400000,-8800.00000,
,,,-00.000031300000,-8800.00000,
,,,-00.000031200000,-8800.00000,
,,,-00.000031100000,-8800.00000,
,,,-00.000031000000,-8600.00000,
,,,-00.000030900000,-8800.00000,
,,,-00.000030800000,-8800.00000,
,,,-00.000030700000,-8600.00000,
,,,-00.000030600000,-8600.00000,
,,,-00.000030500000,-8600.00000,
,,,-00.000030400000,-8600.00000,
,,,-00.000030300000,-8400.00000,
,,,-00.000030200000,-8600.00000,
,,,-00.000030100000,-8200.00000,
,,,-00.000030000000,-8400.00000,
,,,-00.000029900000,-8400.00000,
,,,-00.000029800000,-8400.00000,
,,,-00.000029700000,-8200.00000,
,,,-00.000029600000,-8200.00000,
,,,-00.000029500000,-8200.00000,
,,,-00.000029400000,-8000.00000,
,,,-00.000029300000,-8200.00000,
,,,-00.000029200000,-8000.00000,
,,,-00.000029100000,-8200.00000,
,,,-00.000029000000,-8000.00000,
,,,-00.000028900000,-7600.00000,
,,,-00.000028800000,-7800.00000,
,,,-00.000028700000,-7600.00000,
,,,-00.000028600000,-7800.00000,
,,,-00.000028500000,-7800.00000,
,,,-00.000028400000,-7800.00000,
,,,-00.000028300000,-7800.00000,
,,,-00.000028200000,-7800.00000,
,,,-00.000028100000,-7600.00000,
,,,-00.000028000000,-7400.00000,
,,,-00.000027900000,-7600.00000,
,,,-00.000027800000,-7400.00000,
,,,-00.000027700000,-7600.00000,
,,,-00.000027600000,-7600.00000,
,,,-00.000027500000,-7400.00000,
,,,-00.000027400000,-7400.00000,
,,,-00.000027300000,-7200.00000,
,,,-00.000027200000,-7400.00000,
,,,-00.000027100000,-7200.00000,
,,,-00.000027000000,-7000.00000,
,,,-00.000026900000,-7000.00000,
,,,-00.000026800000,-7000.00000,
,,,-00.000026700000,-6800.00000,
,,,-00.000026600000,-7200.00000,
,,,-00.000026500000,-7200.00000,
,,,-00.000026400000,-7000.00000,
,,,-00.000026300000,-7000.00000,
,,,-00.000026200000,-6800.00000,
,,,-00.000026100000,-6600.00000,
,,,-00.000026000000,-6800.00000,
,,,-00.000025900000,-6400.00000,
,,,-00.000025800000,-6800.00000,
,,,-00.000025700000,-6600.00000,
,,,-00.000025600000,-6400.00000,
,,,-00.000025500000,-6800.00000,
,,,-00.000025400000,-6400.00000,
,,,-00.000025300000,-6200.00000,
,,,-00.000025200000,-6200.00000,
,,,-00.000025100000,-6200.00000,
,,,-00.000025000000,-6400.00000,
,,,-00.000024900000,-6000.00000,
,,,-00.000024800000,-6000.00000,
,,,-00.000024700000,-6400.00000,
,,,-00.000024600000,-5800.00000,
,,,-00.000024500000,-6200.00000,
,,,-00.000024400000,-5800.00000,
,,,-00.000024300000,-6000.00000,
,,,-00.000024200000,-6200.00000,
,,,-00.000024100000,-5800.00000,
,,,-00.000024000000,-5800.00000,
,,,-00.000023900000,-5800.00000,
,,,-00.000023800000,-5600.00000,
,,,-00.000023700000,-5600.00000,
,,,-00.000023600000,-5600.00000,
,,,-00.000023500000,-5600.00000,
,,,-00.000023400000,-5400.00000,
,,,-00.000023300000,-5600.00000,
,,,-00.000023200000,-5400.00000,
,,,-00.000023100000,-5200.00000,
,,,-00.000023000000,-5200.00000,
,,,-00.000022900000,-5400.00000,
,,,-00.000022800000,-5000.00000,
,,,-00.000022700000,-5000.00000,
,,,-00.000022600000,-4800.00000,
,,,-00.000022500000,-4800.00000,
,,,-00.000022400000,-5000.00000,
,,,-00.000022300000,-5000.00000,
,,,-00.000022200000,-5200.00000,
,,,-00.000022100000,-4800.00000,
,,,-00.000022000000,-4800.00000,
,,,-00.000021900000,-4800.00000,
,,,-00.000021800000,-4600.00000,
,,,-00.000021700000,-4800.00000,
,,,-00.000021600000,-4600.00000,
,,,-00.000021500000,-4800.00000,
,,,-00.000021400000,-4600.00000,
,,,-00.000021300000,-4400.00000,
,,,-00.000021200000,-4200.00000,
,,,-00.000021100000,-4400.00000,
,,,-00.000021000000,-4200.00000,
,,,-00.000020900000,-4200.00000,
,,,-00.000020800000,-4000.00000,
,,,-00.000020700000,-4000.00000,
,,,-00.000020600000,-4000.00000,
,,,-00.000020500000,-4200.00000,
,,,-00.000020400000,-4000.00000,
,,,-00.000020300000,-4000.00000,
,,,-00.000020200000,-4000.00000,
,,,-00.000020100000,-3600.00000,
,,,-00.000020000000,-3800.00000,
,,,-00.000019900000,-3800.00000,
,,,-00.000019800000,-3600.00000,
,,,-00.000019700000,-3600.00000,
,,,-00.000019600000,-3600.00000,
,,,-00.000019500000,-3400.00000,
,,,-00.000019400000,-3400.00000,
,,,-00.000019300000,-3600.00000,
,,,-00.000019200000,-3600.00000,
,,,-00.000019100000,-3200.00000,
,,,-00.000019000000,-3000.00000,
,,,-00.000018900000,-3200.00000,
,,,-00.000018800000,-3200.00000,
,,,-00.000018700000,-3200.00000,
,,,-00.000018600000,-3200.00000,
,,,-00.000018500000,-3000.00000,
,,,-00.000018400000,-3000.00000,
,,,-00.000018300000,-3000.00000,
,,,-00.000018200000,-3000.00000,
,,,-00.000018100000,-3000.00000,
,,,-00.000018000000,-2800.00000,
,,,-00.000017900000,-2800.00000,
,,,-00.000017800000,-2800.00000,
,,,-00.000017700000,-2600.00000,
,,,-00.000017600000,-2800.00000,
,,,-00.000017500000,-2600.00000,
,,,-00.000017400000,-2800.00000,
,,,-00.000017300000,-2600.00000,
,,,-00.000017200000,-2800.00000,
,,,-00.000017100000,-2600.00000,
,,,-00.000017000000,-2400.00000,
,,,-00.000016900000,-2400.00000,
,,,-00.000016800000,-2200.00000,
,,,-00.000016700000,-2000.00000,
,,,-00.000016600000,-2000.00000,
,,,-00.000016500000,-2000.00000,
,,,-00.000016400000,-2200.00000,
,,,-00.000016300000,-2000.00000,
,,,-00.000016200000,-2000.00000,
,,,-00.000016100000,-1800.00000,
,,,-00.000016000000,-1800.00000,
,,,-00.000015900000,-2000.00000,
,,,-00.000015800000,-1800.00000,
,,,-00.000015700000,-1600.00000,
,,,-00.000015600000,-1600.00000,
,,,-00.000015500000,-1600.00000,
,,,-00.000015400000,-1600.00000,
,,,-00.000015300000,-1400.00000,
,,,-00.000015200000,-1400.00000,
,,,-00.000015100000,-1400.00000,
,,,-00.000015000000,-1400.00000,
,,,-00.000014900000,-1400.00000,
,,,-00.000014800000,-1400.00000,
,,,-00.000014700000,-1200.00000,
,,,-00.000014600000,-1200.00000,
,,,-00.000014500000,-1200.00000,
,,,-00.000014400000,-1000.00000,
,,,-00.000014300000,-1000.00000,
,,,-00.000014200000,-1000.00000,
,,,-00.000014100000,-1200.00000,
,,,-00.000014000000,-1000.00000,
,,,-00.000013900000,-800.00000,
,,,-00.000013800000,-800.00000,
,,,-00.000013700000,-800.00000,
,,,-00.000013600000,-400.00000,
,,,-00.000013500000,-600.00000,
,,,-00.000013400000,-800.00000,
,,,-00.000013300000,-600.00000,
,,,-00.000013200000,-400.00000,
,,,-00.000013100000,-400.00000,
,,,-00.000013000000,-400.00000,
,,,-00.000012900000,-400.00000,
,,,-00.000012800000,-400.00000,
,,,-00.000012700000,-200.00000,
,,,-00.000012600000,   0.00000,
,,,-00.000012500000,-200.00000,
,,,-00.000012400000,-200.00000,
,,,-00.000012300000,-200.00000,
,,,-00.000012200000,   0.00000,
,,,-00.000012100000,   0.00000,
,,,-00.000012000000,-200.00000,
,,,-00.000011900000,   0.00000,
,,,-00.000011800000, 200.00000,
,,,-00.000011700000, 200.00000,
,,,-00.000011600000, 200.00000,
,,,-00.000011500000, 400.00000,
,,,-00.000011400000, 200.00000,
,,,-00.000011300000, 400.00000,
,,,-00.000011200000, 400.00000,
,,,-00.000011100000, 200.00000,
,,,-00.000011000000, 400.00000,
,,,-00.000010900000, 400.00000,
,,,-00.000010800000, 400.00000,
,,,-00.000010700000, 800.00000,
,,,-00.000010600000, 400.00000,
,,,-00.000010500000, 800.00000,
,,,-00.000010400000,1000.00000,
,,,-00.000010300000, 800.00000,
,,,-00.000010200000,1000.00000,
,,,-00.000010100000,1000.00000,
,,,-00.000010000000,1200.00000,
,,,-00.000009900000,1000.00000,
,,,-00.000009800000,1200.00000,
,,,-00.000009700000,1400.00000,
,,,-00.000009600000,1200.00000,
,,,-00.000009500000,1200.00000,
,,,-00.000009400000,1400.00000,
,,,-00.000009300000,1200.00000,
,,,-00.000009200000,1400.00000,
,,,-00.000009100000,1600.00000,
,,,-00.000009000000,1600.00000,
,,,-00.000008900000,1800.00000,
,,,-00.000008800000,1800.00000,
,,,-00.000008700000,1600.00000,
,,,-00.000008600000,1800.00000,
,,,-00.000008500000,1600.00000,
,,,-00.000008400000,1800.00000,
,,,-00.000008300000,1600.00000,
,,,-00.000008200000,1800.00000,
,,,-00.000008100000,1800.00000,
,,,-00.000008000000,2200.00000,
,,,-00.000007900000,2200.00000,
,,,-00.000007800000,1800.00000,
,,,-00.000007700000,2200.00000,
,,,-00.000007600000,2200.00000,
,,,-00.000007500000,2400.00000,
,,,-00.000007400000,2400.00000,
,,,-00.000007300000,2200.00000,
,,,-00.000007200000,2400.00000,
,,,-00.000007100000,2400.00000,
,,,-00.000007000000,2600.00000,
,,,-00.000006900000,2400.00000,
,,,-00.000006800000,2400.00000,
,,,-00.000006700000,2400.00000,
,,,-00.000006600000,2600.00000,
,,,-00.000006500000,2600.00000,
,,,-00.000006400000,2600.00000,
,,,-00.000006300000,2800.00000,
,,,-00.000006200000,2600.00000,
,,,-00.000006100000,2800.00000,
,,,-00.000006000000,2800.00000,
,,,-00.000005900000,2800.00000,
,,,-00.000005800000,2800.00000,
,,,-00.000005700000,3000.00000,
,,,-00.000005600000,3200.00000,
,,,-00.000005500000,3000.00000,
,,,-00.000005400000,3000.00000,
,,,-00.000005300000,3000.00000,
,,,-00.000005200000,3200.00000,
,,,-00.000005100000,3400.00000,
,,,-00.000005000000,3400.00000,
,,,-00.000004900000,3200.00000,
,,,-00.000004800000,3400.00000,
,,,-00.000004700000,3400.00000,
,,,-00.000004600000,3200.00000,
,,,-00.000004500000,3400.00000,
,,,-00.000004400000,3600.00000,
,,,-00.000004300000,3600.00000,
,,,-00.000004200000,3600.00000,
,,,-00.000004100000,3800.00000,
,,,-00.000004000000,4000.00000,
,,,-00.000003900000,3800.00000,
,,,-00.000003800000,3800.00000,
,,,-00.000003700000,4000.00000,
,,,-00.000003600000,3800.00000,
,,,-00.000003500000,3800.00000,
,,,-00.000003400000,4000.00000,
,,,-00.000003300000,4200.00000,
,,,-00.000003200000,4000.00000,
,,,-00.000003100000,4200.00000,
,,,-00.000003000000,4000.00000,
,,,-00.000002900000,4400.00000,
,,,-00.000002800000,4200.00000,
,,,-00.000002700000,4400.00000,
,,,-00.000002600000,4400.00000,
,,,-00.000002500000,4400.00000,
,,,-00.000002400000,4600.00000,
,,,-00.000002300000,4400.00000,
,,,-00.000002200000,4400.00000,
,,,-00.000002100000,4600.00000,
,,,-00.000002000000,4600.00000,
,,,-00.000001900000,4600.00000,
,,,-00.000001800000,4800.00000,
,,,-00.000001700000,4800.00000,
,,,-00.000001600000,4800.00000,
,,,-00.000001500000,4800.00000,
,,,-00.000001400000,4800.00000,
,,,-00.000001300000,4800.00000,
,,,-00.000001200000,4800.00000,
,,,-00.000001100000,5000.00000,
,,,-00.000001000000,5000.00000,
,,,-00.000000900000,5000.00000,
,,,-00.000000800000,5200.00000,
,,,-00.000000700000,5200.00000,
,,,-00.000000600000,5200.00000,
,,,-00.000000500000,5200.00000,
,,,-00.000000400000,5200.00000,
,,,-00.000000300000,5200.00000,
,,,-00.000000200000,5400.00000,
,,,-00.000000100000,5400.00000,
,,,-00.000000000000,5400.00000,
,,,00.000000100000,5600.00000,
,,,00.000000200000,5600.00000,
,,,00.000000300000,5600.00000,
,,,00.000000400000,5800.00000,
,,,00.000000500000,5600.00000,
,,,00.000000600000,5800.00000,
,,,00.000000700000,5800.00000,
,,,00.000000800000,6000.00000,
,,,00.000000900000,6000.00000,
,,,00.000001000000,5800.00000,
,,,00.000001100000,5800.00000,
,,,00.000001200000,5800.00000,
,,,00.000001300000,5800.00000,
,,,00.000001400000,6000.00000,
,,,00.000001500000,5800.00000,
,,,00.000001600000,6200.00000,
,,,00.000001700000,6000.00000,
,,,00.000001800000,6200.00000,
,,,00.000001900000,6200.00000,
,,,00.000002000000,6000.00000,
,,,00.000002100000,6400.00000,
,,,00.000002200000,6200.00000,
,,,00.000002300000,6400.00000,
,,,00.000002400000,6400.00000,
,,,00.000002500000,6600.00000,
,,,00.000002600000,6400.00000,
,,,00.000002700000,6400.00000,
,,,00.000002800000,6400.00000,
,,,00.000002900000,6600.00000,
,,,00.000003000000,6600.00000,
,,,00.000003100000,6600.00000,
,,,00.000003200000,6800.00000,
,,,00.000003300000,6800.00000,
,,,00.000003400000,6600.00000,
,,,00.000003500000,6800.00000,
,,,00.000003600000,6800.00000,
,,,00.000003700000,6600.00000,
,,,00.000003800000,6800.00000,
,,,00.000003900000,6800.00000,
,,,00.000004000000,7000.00000,
,,,00.000004100000,6800.00000,
,,,00.000004200000,7000.00000,
,,,00.000004300000,7200.00000,
,,,00.000004400000,7200.00000,
,,,00.000004500000,7200.00000,
,,,00.000004600000,7000.00000,
,,,00.000004700000,7000.00000,
,,,00.000004800000,7200.00000,
,,,00.000004900000,7200.00000,
,,,00.000005000000,7200.00000,
,,,00.000005100000,7200.00000,
,,,00.000005200000,7200.00000,
,,,00.000005300000,7400.00000,
,,,00.000005400000,7600.00000,
,,,00.000005500000,7400.00000,
,,,00.000005600000,7600.00000,
,,,00.000005700000,7200.00000,
,,,00.000005800000,7400.00000,
,,,00.000005900000,7600.00000,
,,,00.000006000000,7600.00000,
,,,00.000006100000,7600.00000,
,,,00.000006200000,7800.00000,
,,,00.000006300000,7600.00000,
,,,00.000006400000,7800.00000,
,,,00.000006500000,7600.00000,
,,,00.000006600000,8000.00000,
,,,00.000006700000,7800.00000,
,,,00.000006800000,7800.00000,
,,,00.000006900000,7800.00000,
,,,00.000007000000,8000.00000,
,,,00.000007100000,8000.00000,
,,,00.000007200000,8000.00000,
,,,00.000007300000,8200.00000,
,,,00.000007400000,8000.00000,
,,,00.000007500000,8000.00000,
,,,00.000007600000,8000.00000,
,,,00.000007700000,8200.00000,
,,,00.000007800000,8200.00000,
,,,00.000007900000,8400.00000,
,,,00.000008000000,8000.00000,
,,,00.000008100000,8200.00000,
,,,00.000008200000,8200.00000,
,,,00.000008300000,8200.00000,
,,,00.000008400000,8200.00000,
,,,00.000008500000,8000.00000,
,,,00.000008600000,8200.00000,
,,,00.000008700000,8200.00000,
,,,00.000008800000,8400.00000,
,,,00.000008900000,8400.00000,
,,,00.000009000000,8200.00000,
,,,00.000009100000,8400.00000,
,,,00.000009200000,8600.00000,
,,,00.000009300000,8600.00000,
,,,00.000009400000,8600.00000,
,,,00.000009500000,8400.00000,
,,,00.000009600000,8600.00000,
,,,00.000009700000,8400.00000,
,,,00.000009800000,8800.00000,
,,,00.000009900000,8800.00000,
,,,00.000010000000,9000.00000,
,,,00.000010100000,8600.00000,
,,,00.000010200000,8800.00000,
,,,00.000010300000,9000.00000,
,,,00.000010400000,8800.00000,
,,,00.000010500000,8800.00000,
,,,00.000010600000,8800.00000,
,,,00.000010700000,9200.00000,
,,,00.000010800000,9000.00000,
,,,00.000010900000,8800.00000,
,,,00.000011000000,8800.00000,
,,,00.000011100000,8800.00000,
,,,00.000011200000,9000.00000,
,,,00.000011300000,9000.00000,
,,,00.000011400000,9000.00000,
,,,00.000011500000,9000.00000,
,,,00.000011600000,9200.00000,
,,,00.000011700000,9000.00000,
,,,00.000011800000,9000.00000,
,,,00.000011900000,9000.00000,
,,,00.000012000000,9000.00000,
,,,00.000012100000,9000.00000,
,,,00.000012200000,9200.00000,
,,,00.000012300000,9200.00000,
,,,00.000012400000,9200.00000,
,,,00.000012500000,9000.00000,
,,,00.000012600000,9200.00000,
,,,00.000012700000,9200.00000,
,,,00.000012800000,9000.00000,
,,,00.000012900000,9400.00000,
,,,00.000013000000,9400.00000,
,,,00.000013100000,9200.00000,
,,,00.000013200000,9400.00000,
,,,00.000013300000,9400.00000,
,,,00.000013400000,9200.00000,
,,,00.000013500000,9200.00000,
,,,00.000013600000,9200.00000,
,,,00.000013700000,9200.00000,
,,,00.000013800000,9600.00000,
,,,00.000013900000,9200.00000,
,,,00.000014000000,9400.00000,
,,,00.000014100000,9400.00000,
,,,00.000014200000,9400.00000,
,,,00.000014300000,9200.00000,
,,,00.000014400000,9200.00000,
,,,00.000014500000,9400.00000,
,,,00.000014600000,9400.00000,
,,,00.000014700000,9200.00000,
,,,00.000014800000,9400.00000,
,,,00.000014900000,9600.00000,
,,,00.000015000000,9400.00000,
,,,00.000015100000,9600.00000,
,,,00.000015200000,9400.00000,
,,,00.000015300000,9600.00000,
,,,00.000015400000,9600.00000,
,,,00.000015500000,9600.00000,
,,,00.000015600000,9400.00000,
,,,00.000015700000,9600.00000,
,,,00.000015800000,9400.00000,
,,,00.000015900000,9600.00000,
,,,00.000016000000,9400.00000,
,,,00.000016100000,9600.00000,
,,,00.000016200000,9400.00000,
,,,00.000016300000,9400.00000,
,,,00.000016400000,9400.00000,
,,,00.000016500000,9600.00000,
,,,00.000016600000,9400.00000,
,,,00.000016700000,9400.00000,
,,,00.000016800000,9400.00000,
,,,00.000016900000,9400.00000,
,,,00.000017000000,9600.00000,
,,,00.000017100000,9400.00000,
,,,00.000017200000,9400.00000,
,,,00.000017300000,9600.00000,
,,,00.000017400000,9400.00000,
,,,00.000017500000,9400.00000,
,,,00.000017600000,9200.00000,
,,,00.000017700000,9400.00000,
,,,00.000017800000,9200.00000,
,,,00.000017900000,9400.00000,
,,,00.000018000000,9400.00000,
,,,00.000018100000,9200.00000,
,,,00.000018200000,9200.00000,
,,,00.000018300000,9400.00000,
,,,00.000018400000,9200.00000,
,,,00.000018500000,9200.00000,
,,,00.000018600000,9200.00000,
,,,00.000018700000,9400.00000,
,,,00.000018800000,9200.00000,
,,,00.000018900000,9200.00000,
,,,00.000019000000,9200.00000,
,,,00.000019100000,9000.00000,
,,,00.000019200000,9000.00000,
,,,00.000019300000,9000.00000,
,,,00.000019400000,9000.00000,
,,,00.000019500000,8800.00000,
,,,00.000019600000,8800.00000,
,,,00.000019700000,8800.00000,
,,,00.000019800000,9000.00000,
,,,00.000019900000,9000.00000,
,,,00.000020000000,8800.00000,
,,,00.000020100000,8800.00000,
,,,00.000020200000,8800.00000,
,,,00.000020300000,8800.00000,
,,,00.000020400000,8600.00000,
,,,00.000020500000,8600.00000,
,,,00.000020600000,8800.00000,
,,,00.000020700000,8600.00000,
,,,00.000020800000,8400.00000,
,,,00.000020900000,8600.00000,
,,,00.000021000000,8400.00000,
,,,00.000021100000,8200.00000,
,,,00.000021200000,8400.00000,
,,,00.000021300000,8200.00000,
,,,00.000021400000,8200.00000,
,,,00.000021500000,8200.00000,
,,,00.000021600000,8200.00000,
,,,00.000021700000,8200.00000,
,,,00.000021800000,8200.00000,
,,,00.000021900000,8000.00000,
,,,00.000022000000,8000.00000,
,,,00.000022100000,7800.00000,
,,,00.000022200000,8000.00000,
,,,00.000022300000,7800.00000,
,,,00.000022400000,8000.00000,
,,,00.000022500000,7800.00000,
,,,00.000022600000,7800.00000,
,,,00.000022700000,7800.00000,
,,,00.000022800000,7600.00000,
,,,00.000022900000,7600.00000,
,,,00.000023000000,7600.00000,
,,,00.000023100000,7600.00000,
,,,00.000023200000,7200.00000,
,,,00.000023300000,7400.00000,
,,,00.000023400000,7400.00000,
,,,00.000023500000,7400.00000,
,,,00.000023600000,7400.00000,
,,,00.000023700000,7000.00000,
,,,00.000023800000,7000.00000,
,,,00.000023900000,7000.00000,
,,,00.000024000000,7000.00000,
,,,00.000024100000,6800.00000,
,,,00.000024200000,7000.00000,
,,,00.000024300000,7000.00000,
,,,00.000024400000,7000.00000,
,,,00.000024500000,6800.00000,
,,,00.000024600000,6800.00000,
,,,00.000024700000,6600.00000,
,,,00.000024800000,6600.00000,
,,,00.000024900000,6600.00000,
,,,00.000025000000,6600.00000,
,,,00.000025100000,6600.00000,
,,,00.000025200000,6600.00000,
,,,00.000025300000,6400.00000,
,,,00.000025400000,6600.00000,
,,,00.000025500000,6400.00000,
,,,00.000025600000,6000.00000,
,,,00.000025700000,6400.00000,
,,,00.000025800000,6000.00000,
,,,00.000025900000,6200.00000,
,,,00.000026000000,6200.00000,
,,,00.000026100000,6000.00000,
,,,00.000026200000,6000.00000,
,,,00.000026300000,6000.00000,
,,,00.000026400000,5800.00000,
,,,00.000026500000,5600.00000,
,,,00.000026600000,5800.00000,
,,,00.000026700000,5600.00000,
,,,00.000026800000,5600.00000,
,,,00.000026900000,5600.00000,
,,,00.000027000000,5600.00000,
,,,00.000027100000,5600.00000,
,,,00.000027200000,5400.00000,
,,,00.000027300000,5400.00000,
,,,00.000027400000,5200.00000,
,,,00.000027500000,5400.00000,
,,,00.000027600000,5200.00000,
,,,00.000027700000,5600.00000,
,,,00.000027800000,5400.00000,
,,,00.000027900000,5000.00000,
,,,00.000028000000,5200.00000,
,,,00.000028100000,5000.00000,
,,,00.000028200000,5200.00000,
,,,00.000028300000,5000.00000,
,,,00.000028400000,4800.00000,
,,,00.000028500000,4800.00000,
,,,00.000028600000,4800.00000,
,,,00.000028700000,4400.00000,
,,,00.000028800000,4600.00000,
,,,00.000028900000,4400.00000,
,,,00.000029000000,4600.00000,
,,,00.000029100000,4400.00000,
,,,00.000029200000,4400.00000,
,,,00.000029300000,4600.00000,
,,,00.000029400000,4400.00000,
,,,00.000029500000,4200.00000,
,,,00.000029600000,4200.00000,
,,,00.000029700000,4400.00000,
,,,00.000029800000,4400.00000,
,,,00.000029900000,4000.00000,
,,,00.000030000000,4200.00000,
,,,00.000030100000,4000.00000,
,,,00.000030200000,3800.00000,
,,,00.000030300000,4000.00000,
,,,00.000030400000,4000.00000,
,,,00.000030500000,4200.00000,
,,,00.000030600000,4000.00000,
,,,00.000030700000,3800.00000,
,,,00.000030800000,3800.00000,
,,,00.000030900000,3800.00000,
,,,00.000031000000,3600.00000,
,,,00.000031100000,3800.00000,
,,,00.000031200000,3600.00000,
,,,00.000031300000,3600.00000,
,,,00.000031400000,3600.00000,
,,,00.000031500000,3600.00000,
,,,00.000031600000,3400.00000,
,,,00.000031700000,3200.00000,
,,,00.000031800000,3400.00000,
,,,00.000031900000,3000.00000,
,,,00.000032000000,3200.00000,
,,,00.000032100000,3400.00000,
,,,00.000032200000,3000.00000,
,,,00.000032300000,3000.00000,
,,,00.000032400000,3000.00000,
,,,00.000032500000,3000.00000,
,,,00.000032600000,2800.00000,
,,,00.000032700000,2800.00000,
,,,00.000032800000,3000.00000,
,,,00.000032900000,2800.00000,
,,,00.000033000000,2800.00000,
,,,00.000033100000,2600.00000,
,,,00.000033200000,2600.00000,
,,,00.000033300000,2800.00000,
,,,00.000033400000,2600.00000,
,,,00.000033500000,2400.00000,
,,,00.000033600000,2400.00000,
,,,00.000033700000,2400.00000,
,,,00.000033800000,2200.00000,
,,,00.000033900000,2400.00000,
,,,00.000034000000,2200.00000,
,,,00.000034100000,2200.00000,
,,,00.000034200000,2200.00000,
,,,00.000034300000,2000.00000,
,,,00.000034400000,2000.00000,
,,,00.000034500000,1800.00000,
,,,00.000034600000,2000.00000,
,,,00.000034700000,1800.00000,
,,,00.000034800000,1600.00000,
,,,00.000034900000,1800.00000,
,,,00.000035000000,1800.00000,
,,,00.000035100000,1800.00000,
,,,00.000035200000,1400.00000,
,,,00.000035300000,1600.00000,
,,,00.000035400000,1400.00000,
,,,00.000035500000,1600.00000,
,,,00.000035600000,1400.00000,
,,,00.000035700000,1600.00000,
,,,00.000035800000,1400.00000,
,,,00.000035900000,1600.00000,
,,,00.000036000000,1400.00000,
,,,00.000036100000,1200.00000,
,,,00.000036200000,1200.00000,
,,,00.000036300000,1200.00000,
,,,00.000036400000,1200.00000,
,,,00.000036500000,1000.00000,
,,,00.000036600000,1200.00000,
,,,00.000036700000,1200.00000,
,,,00.000036800000, 800.00000,
,,,00.000036900000, 800.00000,
,,,00.000037000000, 800.00000,
,,,00.000037100000,1000.00000,
,,,00.000037200000, 600.00000,
,,,00.000037300000, 600.00000,
,,,00.000037400000, 600.00000,
,,,00.000037500000, 800.00000,
,,,00.000037600000, 600.00000,
,,,00.000037700000, 400.00000,
,,,00.000037800000, 400.00000,
,,,00.000037900000, 400.00000,
,,,00.000038000000, 200.00000,
,,,00.000038100000, 200.00000,
,,,00.000038200000, 200.00000,
,,,00.000038300000, 200.00000,
,,,00.000038400000,-200.00000,
,,,00.000038500000,   0.00000,
,,,00.000038600000, 200.00000,
,,,00.000038700000,   0.00000,
,,,00.000038800000, 200.00000,
,,,00.000038900000,   0.00000,
,,,00.000039000000,-200.00000,
,,,00.000039100000,-200.00000,
,,,00.000039200000,   0.00000,
,,,00.000039300000,-200.00000,
,,,00.000039400000,-600.00000,
,,,00.000039500000,-400.00000,
,,,00.000039600000,-400.00000,
,,,00.000039700000,-600.00000,
,,,00.000039800000,-400.00000,
,,,00.000039900000,-600.00000,
,,,00.000040000000,-600.00000,
,,,00.000040100000,-800.00000,
,,,00.000040200000,-600.00000,
,,,00.000040300000,-800.00000,
,,,00.000040400000,-600.00000,
,,,00.000040500000,-600.00000,
,,,00.000040600000,-600.00000,
,,,00.000040700000,-1000.00000,
,,,00.000040800000,-1000.00000,
,,,00.000040900000,-1000.00000,
,,,00.000041000000,-1000.00000,
,,,00.000041100000,-1200.00000,
,,,00.000041200000,-1000.00000,
,,,00.000041300000,-1200.00000,
,,,00.000041400000,-1000.00000,
,,,00.000041500000,-1200.00000,
,,,00.000041600000,-1400.00000,
,,,00.000041700000,-1400.00000,
,,,00.000041800000,-1400.00000,
,,,00.000041900000,-1400.00000,
,,,00.000042000000,-1600.00000,
,,,00.000042100000,-1600.00000,
,,,00.000042200000,-1600.00000,
,,,00.000042300000,-1800.00000,
,,,00.000042400000,-1600.00000,
,,,00.000042500000,-1600.00000,
,,,00.000042600000,-1800.00000,
,,,00.000042700000,-1800.00000,
,,,00.000042800000,-2000.00000,
,,,00.000042900000,-2000.00000,
,,,00.000043000000,-2000.00000,
,,,00.000043100000,-2000.00000,
,,,00.000043200000,-2000.00000,
,,,00.000043300000,-2000.00000,
,,,00.000043400000,-2000.00000,
,,,00.000043500000,-2400.00000,
,,,00.000043600000,-2400.00000,
,,,00.000043700000,-2400.00000,
,,,00.000043800000,-2400.00000,
,,,00.000043900000,-2200.00000,
,,,00.000044000000,-2400.00000,
,,,00.000044100000,-2400.00000,
,,,00.000044200000,-2600.00000,
,,,00.000044300000,-2600.00000,
,,,00.000044400000,-2600.00000,
,,,00.000044500000,-2400.00000,
,,,00.000044600000,-2600.00000,
,,,00.000044700000,-2800.00000,
,,,00.000044800000,-2600.00000,
,,,00.000044900000,-2800.00000,
,,,00.000045000000,-3000.00000,
,,,00.000045100000,-3000.00000,
,,,00.000045200000,-2800.00000,
,,,00.000045300000,-3000.00000,
,,,00.000045400000,-3000.00000,
,,,00.000045500000,-3200.00000,
,,,00.000045600000,-3000.00000,
,,,00.000045700000,-3200.00000,
,,,00.000045800000,-3000.00000,
,,,00.000045900000,-3200.00000,
,,,00.000046000000,-3400.00000,
,,,00.000046100000,-3400.00000,
,,,00.000046200000,-3200.00000,
,,,00.000046300000,-3600.00000,
,,,00.000046400000,-3800.00000,
,,,00.000046500000,-3400.00000,
,,,00.000046600000,-3400.00000,
,,,00.000046700000,-3400.00000,
,,,00.000046800000,-3800.00000,
,,,00.000046900000,-3600.00000,
,,,00.000047000000,-3600.00000,
,,,00.000047100000,-3800.00000,
,,,00.000047200000,-3800.00000,
,,,00.000047300000,-3800.00000,
,,,00.000047400000,-4000.00000,
,,,00.000047500000,-3800.00000,
,,,00.000047600000,-3800.00000,
,,,00.000047700000,-4000.00000,
,,,00.000047800000,-4000.00000,
,,,00.000047900000,-4000.00000,
,,,00.000048000000,-4000.00000,
,,,00.000048100000,-4200.00000,
,,,00.000048200000,-4200.00000,
,,,00.000048300000,-4400.00000,
,,,00.000048400000,-4400.00000,
,,,00.000048500000,-4400.00000,
,,,00.000048600000,-4200.00000,
,,,00.000048700000,-4400.00000,
,,,00.000048800000,-4600.00000,
,,,00.000048900000,-4400.00000,
,,,00.000049000000,-4400.00000,
,,,00.000049100000,-4600.00000,
,,,00.000049200000,-4600.00000,
,,,00.000049300000,-4600.00000,
,,,00.000049400000,-4800.00000,
,,,00.000049500000,-4600.00000,
,,,00.000049600000,-4600.00000,
,,,00.000049700000,-4600.00000,
,,,00.000049800000,-4800.00000,
,,,00.000049900000,-4800.00000,
,,,00.000050000000,-5000.00000,
,,,00.000050100000,-5200.00000,
,,,00.000050200000,-5000.00000,
,,,00.000050300000,-4800.00000,
,,,00.000050400000,-4800.00000,
,,,00.000050500000,-4800.00000,
,,,00.000050600000,-5000.00000,
,,,00.000050700000,-5200.00000,
,,,00.000050800000,-5400.00000,
,,,00.000050900000,-5200.00000,
,,,00.000051000000,-5200.00000,
,,,00.000051100000,-5200.00000,
,,,00.000051200000,-5200.00000,
,,,00.000051300000,-5400.00000,
,,,00.000051400000,-5400.00000,
,,,00.000051500000,-5400.00000,
,,,00.000051600000,-5600.00000,
,,,00.000051700000,-5600.00000,
,,,00.000051800000,-5600.00000,
,,,00.000051900000,-5400.00000,
,,,00.000052000000,-5600.00000,
,,,00.000052100000,-5800.00000,
,,,00.000052200000,-5600.00000,
,,,00.000052300000,-5600.00000,
,,,00.000052400000,-5800.00000,
,,,00.000052500000,-5800.00000,
,,,00.000052600000,-6000.00000,
,,,00.000052700000,-6000.00000,
,,,00.000052800000,-5800.00000,
,,,00.000052900000,-6000.00000,
,,,00.000053000000,-6200.00000,
,,,00.000053100000,-6000.00000,
,,,00.000053200000,-6200.00000,
,,,00.000053300000,-6000.00000,
,,,00.000053400000,-6000.00000,
,,,00.000053500000,-6200.00000,
,,,00.000053600000,-6400.00000,
,,,00.000053700000,-6200.00000,
,,,00.000053800000,-6200.00000,
,,,00.000053900000,-6400.00000,
,,,00.000054000000,-6400.00000,
,,,00.000054100000,-6400.00000,
,,,00.000054200000,-6600.00000,
,,,00.000054300000,-6600.00000,
,,,00.000054400000,-6600.00000,
,,,00.000054500000,-6400.00000,
,,,00.000054600000,-6600.00000,
,,,00.000054700000,-6600.00000,
,,,00.000054800000,-6400.00000,
,,,00.000054900000,-6600.00000,
,,,00.000055000000,-6600.00000,
,,,00.000055100000,-6600.00000,
,,,00.000055200000,-7000.00000,
,,,00.000055300000,-7000.00000,
,,,00.000055400000,-6800.00000,
,,,00.000055500000,-6800.00000,
,,,00.000055600000,-6600.00000,
,,,00.000055700000,-7000.00000,
,,,00.000055800000,-7000.00000,
,,,00.000055900000,-7200.00000,
,,,00.000056000000,-7000.00000,
,,,00.000056100000,-7000.00000,
,,,00.000056200000,-7000.00000,
,,,00.000056300000,-7000.00000,
,,,00.000056400000,-7000.00000,
,,,00.000056500000,-7000.00000,
,,,00.000056600000,-7000.00000,
,,,00.000056700000,-7200.00000,
,,,00.000056800000,-7400.00000,
,,,00.000056900000,-7200.00000,
,,,00.000057000000,-7400.00000,
,,,00.000057100000,-7400.00000,
,,,00.000057200000,-7400.00000,
,,,00.000057300000,-7600.00000,
,,,00.000057400000,-7400.00000,
,,,00.000057500000,-7400.00000,
,,,00.000057600000,-7600.00000,
,,,00.000057700000,-7600.00000,
,,,00.000057800000,-7400.00000,
,,,00.000057900000,-7400.00000,
,,,00.000058000000,-7800.00000,
,,,00.000058100000,-7600.00000,
,,,00.000058200000,-7600.00000,
,,,00.000058300000,-8000.00000,
,,,00.000058400000,-7800.00000,
,,,00.000058500000,-7600.00000,
,,,00.000058600000,-8000.00000,
,,,00.000058700000,-7800.00000,
,,,00.000058800000,-7800.00000,
,,,00.000058900000,-7800.00000,
,,,00.000059000000,-7800.00000,
,,,00.000059100000,-7800.00000,
,,,00.000059200000,-8200.00000,
,,,00.000059300000,-7800.00000,
,,,00.000059400000,-7800.00000,
,,,00.000059500000,-8000.00000,
,,,00.000059600000,-8000.00000,
,,,00.000059700000,-8200.00000,
,,,00.000059800000,-8000.00000,
,,,00.000059900000,-8200.00000,
,,,00.000060000000,-8400.00000,
,,,00.000060100000,-8200.00000,
,,,00.000060200000,-8200.00000,
,,,00.000060300000,-8000.00000,
,,,00.000060400000,-8000.00000,
,,,00.000060500000,-8400.00000,
,,,00.000060600000,-8400.00000,
,,,00.000060700000,-8200.00000,
,,,00.000060800000,-8200.00000,
,,,00.000060900000,-8600.00000,
,,,00.000061000000,-8400.00000,
,,,00.000061100000,-8400.00000,
,,,00.000061200000,-8600.00000,
,,,00.000061300000,-8400.00000,
,,,00.000061400000,-8600.00000,
,,,00.000061500000,-8800.00000,
,,,00.000061600000,-8800.00000,
,,,00.000061700000,-8600.00000,
,,,00.000061800000,-8800.00000,
,,,00.000061900000,-8800.00000,
,,,00.000062000000,-8600.00000,
,,,00.000062100000,-8800.00000,
,,,00.000062200000,-8800.00000,
,,,00.000062300000,-8800.00000,
,,,00.000062400000,-8800.00000,
,,,00.000062500000,-8800.00000,
,,,00.000062600000,-8800.00000,
,,,00.000062700000,-8800.00000,
,,,00.000062800000,-8800.00000,
,,,00.000062900000,-8800.00000,
,,,00.000063000000,-8800.00000,
,,,00.000063100000,-9000.00000,
,,,00.000063200000,-9000.00000,
,,,00.000063300000,-9000.00000,
,,,00.000063400000,-9000.00000,
,,,00.000063500000,-8800.00000,
,,,00.000063600000,-8800.00000,
,,,00.000063700000,-9000.00000,
,,,00.000063800000,-8800.00000,
,,,00.000063900000,-8800.00000,
,,,00.000064000000,-8800.00000,
,,,00.000064100000,-8800.00000,
,,,00.000064200000,-9000.00000,
,,,00.000064300000,-9000.00000,
,,,00.000064400000,-9200.00000,
,,,00.000064500000,-9000.00000,
,,,00.000064600000,-9000.00000,
,,,00.000064700000,-9000.00000,
,,,00.000064800000,-9000.00000,
,,,00.000064900000,-9200.00000,
,,,00.000065000000,-9200.00000,
,,,00.000065100000,-9000.00000,
,,,00.000065200000,-9000.00000,
,,,00.000065300000,-9000.00000,
,,,00.000065400000,-9000.00000,
,,,00.000065500000,-9000.00000,
,,,00.000065600000,-9200.00000,
,,,00.000065700000,-9000.00000,
,,,00.000065800000,-9200.00000,
,,,00.000065900000,-9000.00000,
,,,00.000066000000,-9000.00000,
,,,00.000066100000,-9000.00000,
,,,00.000066200000,-9000.00000,
,,,00.000066300000,-9200.00000,
,,,00.000066400000,-9000.00000,
,,,00.000066500000,-9000.00000,
,,,00.000066600000,-9200.00000,
,,,00.000066700000,-8800.00000,
,,,00.000066800000,-9000.00000,
,,,00.000066900000,-9400.00000,
,,,00.000067000000,-9200.00000,
,,,00.000067100000,-8800.00000,
,,,00.000067200000,-9000.00000,
,,,00.000067300000,-9000.00000,
,,,00.000067400000,-9000.00000,
,,,00.000067500000,-9000.00000,
,,,00.000067600000,-9000.00000,
,,,00.000067700000,-8800.00000,
,,,00.000067800000,-8800.00000,
,,,00.000067900000,-9000.00000,
,,,00.000068000000,-9000.00000,
,,,00.000068100000,-9000.00000,
,,,00.000068200000,-9000.00000,
,,,00.000068300000,-8800.00000,
,,,00.000068400000,-8800.00000,
,,,00.000068500000,-8800.00000,
,,,00.000068600000,-9000.00000,
,,,00.000068700000,-8600.00000,
,,,00.000068800000,-8800.00000,
,,,00.000068900000,-8800.00000,
,,,00.000069000000,-8800.00000,
,,,00.000069100000,-8600.00000,
,,,00.000069200000,-8800.00000,
,,,00.000069300000,-8400.00000,
,,,00.000069400000,-8600.00000,
,,,00.000069500000,-8600.00000,
,,,00.000069600000,-8600.00000,
,,,00.000069700000,-8400.00000,
,,,00.000069800000,-8800.00000,
,,,00.000069900000,-8600.00000,
,,,00.000070000000,-8400.00000,
,,,00.000070100000,-8000.00000,
,,,00.000070200000,-8400.00000,
,,,00.000070300000,-8200.00000,
,,,00.000070400000,-8200.00000,
,,,00.000070500000,-8200.00000,
,,,00.000070600000,-8200.00000,
,,,00.000070700000,-8000.00000,
,,,00.000070800000,-8200.00000,
,,,00.000070900000,-8200.00000,
,,,00.000071000000,-7800.00000,
,,,00.000071100000,-8000.00000,
,,,00.000071200000,-7800.00000,
,,,00.000071300000,-7800.00000,
,,,00.000071400000,-7800.00000,
,,,00.000071500000,-8000.00000,
,,,00.000071600000,-7800.00000,
,,,00.000071700000,-7800.00000,
,,,00.000071800000,-7800.00000,
,,,00.000071900000,-7800.00000,
,,,00.000072000000,-7800.00000,
,,,00.000072100000,-7600.00000,
,,,00.000072200000,-7400.00000,
,,,00.000072300000,-7400.00000,
,,,00.000072400000,-7400.00000,
,,,00.000072500000,-7400.00000,
,,,00.000072600000,-7600.00000,
,,,00.000072700000,-7200.00000,
,,,00.000072800000,-7200.00000,
,,,00.000072900000,-7400.00000,
,,,00.000073000000,-7200.00000,
,,,00.000073100000,-7200.00000,
,,,00.000073200000,-7400.00000,
,,,00.000073300000,-7200.00000,
,,,00.000073400000,-7000.00000,
,,,00.000073500000,-7200.00000,
,,,00.000073600000,-6800.00000,
,,,00.000073700000,-6800.00000,
,,,00.000073800000,-7000.00000,
,,,00.000073900000,-7000.00000,
,,,00.000074000000,-6600.00000,
,,,00.000074100000,-6800.00000,
,,,00.000074200000,-6600.00000,
,,,00.000074300000,-6600.00000,
,,,00.000074400000,-6600.00000,
,,,00.000074500000,-6400.00000,
,,,00.000074600000,-6400.00000,
,,,00.000074700000,-6400.00000,
,,,00.000074800000,-6600.00000,
,,,00.000074900000,-6200.00000,
,,,00.000075000000,-6200.00000,
,,,00.000075100000,-6200.00000,
,,,00.000075200000,-6200.00000,
,,,00.000075300000,-6000.00000,
,,,00.000075400000,-6000.00000,
,,,00.000075500000,-6200.00000,
,,,00.000075600000,-5800.00000,
,,,00.000075700000,-5800.00000,
,,,00.000075800000,-5800.00000,
,,,00.000075900000,-5800.00000,
,,,00.000076000000,-5800.00000,
,,,00.000076100000,-5600.00000,
,,,00.000076200000,-5800.00000,
,,,00.000076300000,-5600.00000,
,,,00.000076400000,-5600.00000,
,,,00.000076500000,-5600.00000,
,,,00.000076600000,-5600.00000,
,,,00.000076700000,-5400.00000,
,,,00.000076800000,-5200.00000,
,,,00.000076900000,-5600.00000,
,,,00.000077000000,-5200.00000,
,,,00.000077100000,-5400.00000,
,,,00.000077200000,-5200.00000,
,,,00.000077300000,-5200.00000,
,,,00.000077400000,-4800.00000,
,,,00.000077500000,-5200.00000,
,,,00.000077600000,-5000.00000,
,,,00.000077700000,-4800.00000,
,,,00.000077800000,-5000.00000,
,,,00.000077900000,-5000.00000,
,,,00.000078000000,-4800.00000,
,,,00.000078100000,-5000.00000,
,,,00.000078200000,-4600.00000,
,,,00.000078300000,-4800.00000,
,,,00.000078400000,-4800.00000,
,,,00.000078500000,-4600.00000,
,,,00.000078600000,-4400.00000,
,,,00.000078700000,-4400.00000,
,,,00.000078800000,-4400.00000,
,,,00.000078900000,-4200.00000,
,,,00.000079000000,-4400.00000,
,,,00.000079100000,-4200.00000,
,,,00.000079200000,-4200.00000,
,,,00.000079300000,-4000.00000,
,,,00.000079400000,-4000.00000,
,,,00.000079500000,-4200.00000,
,,,00.000079600000,-3800.00000,
,,,00.000079700000,-4000.00000,
,,,00.000079800000,-4200.00000,
,,,00.000079900000,-3800.00000,
,,,00.000080000000,-3400.00000,
,,,00.000080100000,-3600.00000,
,,,00.000080200000,-3600.00000,
,,,00.000080300000,-3400.00000,
,,,00.000080400000,-3400.00000,
,,,00.000080500000,-3600.00000,
,,,00.000080600000,-3600.00000,
,,,00.000080700000,-3600.00000,
,,,00.000080800000,-3400.00000,
,,,00.000080900000,-3400.00000,
,,,00.000081000000,-3400.00000,
,,,00.000081100000,-3200.00000,
,,,00.000081200000,-3400.00000,
,,,00.000081300000,-3200.00000,
,,,00.000081400000,-3200.00000,
,,,00.000081500000,-3200.00000,
,,,00.000081600000,-3000.00000,
,,,00.000081700000,-3000.00000,
,,,00.000081800000,-3000.00000,
,,,00.000081900000,-2800.00000,
,,,00.000082000000,-2800.00000,
,,,00.000082100000,-2600.00000,
,,,00.000082200000,-2600.00000,
,,,00.000082300000,-2600.00000,
,,,00.000082400000,-2800.00000,
,,,00.000082500000,-2600.00000,
,,,00.000082600000,-2800.00000,
,,,00.000082700000,-2600.00000,
,,,00.000082800000,-2400.00000,
,,,00.000082900000,-2400.00000,
,,,00.000083000000,-2200.00000,
,,,00.000083100000,-2600.00000,
,,,00.000083200000,-2400.00000,
,,,00.000083300000,-2400.00000,
,,,00.000083400000,-2200.00000,
,,,00.000083500000,-2200.00000,
,,,00.000083600000,-2200.00000,
,,,00.000083700000,-2000.00000,
,,,00.000083800000,-1800.00000,
,,,00.000083900000,-2000.00000,
,,,00.000084000000,-1800.00000,
,,,00.000084100000,-1800.00000,
,,,00.000084200000,-1800.00000,
,,,00.000084300000,-1800.00000,
,,,00.000084400000,-1800.00000,
,,,00.000084500000,-1600.00000,
,,,00.000084600000,-1400.00000,
,,,00.000084700000,-1600.00000,
,,,00.000084800000,-1400.00000,
,,,00.000084900000,-1600.00000,
,,,00.000085000000,-1600.00000,
,,,00.000085100000,-1400.00000,
,,,00.000085200000,-1400.00000,
,,,00.000085300000,-1200.00000,
,,,00.000085400000,-1400.00000,
,,,00.000085500000,-1200.00000,
,,,00.000085600000,-1200.00000,
,,,00.000085700000,-1000.00000,
,,,00.000085800000,-800.00000,
,,,00.000085900000,-1000.00000,
,,,00.000086000000,-1000.00000,
,,,00.000086100000,-800.00000,
,,,00.000086200000,-1000.00000,
,,,00.000086300000,-600.00000,
,,,00.000086400000,-800.00000,
,,,00.000086500000,-1000.00000,
,,,00.000086600000,-600.00000,
,,,00.000086700000,-800.00000,
,,,00.000086800000,-600.00000,
,,,00.000086900000,-600.00000,
,,,00.000087000000,-400.00000,
,,,00.000087100000,-200.00000,
,,,00.000087200000,   0.00000,
,,,00.000087300000,-400.00000,
,,,00.000087400000,-200.00000,
,,,00.000087500000,-200.00000,
,,,00.000087600000,   0.00000,
,,,00.000087700000,-200.00000,
,,,00.000087800000,   0.00000,
,,,00.000087900000,-200.00000,
,,,00.000088000000,   0.00000,
,,,00.000088100000,   0.00000,
,,,00.000088200000, 200.00000,
,,,00.000088300000, 200.00000,
,,,00.000088400000, 200.00000,
,,,00.000088500000, 400.00000,
,,,00.000088600000, 400.00000,
,,,00.000088700000, 600.00000,
,,,00.000088800000, 400.00000,
,,,00.000088900000, 200.00000,
,,,00.000089000000, 600.00000,
,,,00.000089100000, 600.00000,
,,,00.000089200000, 800.00000,
,,,00.000089300000, 800.00000,
,,,00.000089400000, 600.00000,
,,,00.000089500000, 800.00000,
,,,00.000089600000,1000.00000,
,,,00.000089700000,1000.00000,
,,,00.000089800000,1000.00000,
,,,00.000089900000,1200.00000,
,,,00.000090000000,1400.00000,
,,,00.000090100000,1200.00000,
,,,00.000090200000,1400.00000,
,,,00.000090300000,1200.00000,
,,,00.000090400000,1000.00000,
,,,00.000090500000,1400.00000,
,,,00.000090600000,1200.00000,
,,,00.000090700000,1200.00000,
,,,00.000090800000,1200.00000,
,,,00.000090900000,1400.00000,
,,,00.000091000000,1400.00000,
,,,00.000091100000,1600.00000,
,,,00.000091200000,1400.00000,
,,,00.000091300000,1400.00000,
,,,00.000091400000,1800.00000,
,,,00.000091500000,1800.00000,
,,,00.000091600000,1800.00000,
,,,00.000091700000,1800.00000,
,,,00.000091800000,1800.00000,
,,,00.000091900000,2000.00000,
,,,00.000092000000,1800.00000,
,,,00.000092100000,2000.00000,
,,,00.000092200000,2000.00000,
,,,00.000092300000,2000.00000,
,,,00.000092400000,2000.00000,
,,,00.000092500000,2000.00000,
,,,00.000092600000,2000.00000,
,,,00.000092700000,2200.00000,
,,,00.000092800000,2200.00000,
,,,00.000092900000,2400.00000,
,,,00.000093000000,2400.00000,
,,,00.000093100000,2400.00000,
,,,00.000093200000,2400.00000,
,,,00.000093300000,2600.00000,
,,,00.000093400000,2600.00000,
,,,00.000093500000,2400.00000,
,,,00.000093600000,2600.00000,
,,,00.000093700000,2600.00000,
,,,00.000093800000,2800.00000,
,,,00.000093900000,2600.00000,
,,,00.000094000000,3000.00000,
,,,00.000094100000,2800.00000,
,,,00.000094200000,2800.00000,
,,,00.000094300000,2800.00000,
,,,00.000094400000,3000.00000,
,,,00.000094500000,3200.00000,
,,,00.000094600000,3200.00000,
,,,00.000094700000,3400.00000,
,,,00.000094800000,3400.00000,
,,,00.000094900000,3200.00000,
,,,00.000095000000,3200.00000,
,,,00.000095100000,3600.00000,
,,,00.000095200000,3400.00000,
,,,00.000095300000,3200.00000,
,,,00.000095400000,3400.00000,
,,,00.000095500000,3400.00000,
,,,00.000095600000,3400.00000,
,,,00.000095700000,3800.00000,
,,,00.000095800000,3800.00000,
,,,00.000095900000,3600.00000,
,,,00.000096000000,3600.00000,
,,,00.000096100000,4000.00000,
,,,00.000096200000,4000.00000,
,,,00.000096300000,3800.00000,
,,,00.000096400000,4200.00000,
,,,00.000096500000,3800.00000,
,,,00.000096600000,3800.00000,
,,,00.000096700000,4000.00000,
,,,00.000096800000,4000.00000,
,,,00.000096900000,4000.00000,
,,,00.000097000000,4200.00000,
,,,00.000097100000,4000.00000,
,,,00.000097200000,4200.00000,
,,,00.000097300000,4200.00000,
,,,00.000097400000,4400.00000,
,,,00.000097500000,4400.00000,
,,,00.000097600000,4200.00000,
,,,00.000097700000,4400.00000,
,,,00.000097800000,4400.00000,
,,,00.000097900000,4400.00000,
,,,00.000098000000,4400.00000,
,,,00.000098100000,4600.00000,
,,,00.000098200000,4600.00000,
,,,00.000098300000,4600.00000,
,,,00.000098400000,4800.00000,
,,,00.000098500000,4600.00000,
,,,00.000098600000,5000.00000,
,,,00.000098700000,4800.00000,
,,,00.000098800000,4600.00000,
,,,00.000098900000,5000.00000,
,,,00.000099000000,5200.00000,
,,,00.000099100000,5000.00000,
,,,00.000099200000,5000.00000,
,,,00.000099300000,5000.00000,
,,,00.000099400000,5200.00000,
,,,00.000099500000,5200.00000,
,,,00.000099600000,5200.00000,
,,,00.000099700000,5400.00000,
,,,00.000099800000,5600.00000,
,,,00.000099900000,5600.00000,
,,,00.000100000000,5400.00000,
,,,00.000100100000,5400.00000,
,,,00.000100200000,5400.00000,
,,,00.000100300000,5400.00000,
,,,00.000100400000,5600.00000,
,,,00.000100500000,5600.00000,
,,,00.000100600000,5800.00000,
,,,00.000100700000,5800.00000,
,,,00.000100800000,5600.00000,
,,,00.000100900000,5800.00000,
,,,00.000101000000,6000.00000,
,,,00.000101100000,5800.00000,
,,,00.000101200000,5600.00000,
,,,00.000101300000,5800.00000,
,,,00.000101400000,6000.00000,
,,,00.000101500000,5800.00000,
,,,00.000101600000,6000.00000,
,,,00.000101700000,6200.00000,
,,,00.000101800000,6000.00000,
,,,00.000101900000,6200.00000,
,,,00.000102000000,6400.00000,
,,,00.000102100000,6200.00000,
,,,00.000102200000,6400.00000,
,,,00.000102300000,6200.00000,
,,,00.000102400000,6400.00000,
,,,00.000102500000,6400.00000,
,,,00.000102600000,6400.00000,
,,,00.000102700000,6400.00000,
,,,00.000102800000,6400.00000,
,,,00.000102900000,6600.00000,
,,,00.000103000000,6600.00000,
,,,00.000103100000,6600.00000,
,,,00.000103200000,6600.00000,
,,,00.000103300000,6800.00000,
,,,00.000103400000,6800.00000,
,,,00.000103500000,6800.00000,
,,,00.000103600000,6600.00000,
,,,00.000103700000,6600.00000,
,,,00.000103800000,7000.00000,
,,,00.000103900000,6800.00000,
,,,00.000104000000,6800.00000,
,,,00.000104100000,7000.00000,
,,,00.000104200000,7000.00000,
,,,00.000104300000,7000.00000,
,,,00.000104400000,7200.00000,
,,,00.000104500000,7200.00000,
,,,00.000104600000,7000.00000,
,,,00.000104700000,7200.00000,
,,,00.000104800000,7200.00000,
,,,00.000104900000,7200.00000,
,,,00.000105000000,7400.00000,
,,,00.000105100000,7400.00000,
,,,00.000105200000,7200.00000,
,,,00.000105300000,7200.00000,
,,,00.000105400000,7200.00000,
,,,00.000105500000,7400.00000,
,,,00.000105600000,7400.00000,
,,,00.000105700000,7400.00000,
,,,00.000105800000,7600.00000,
,,,00.000105900000,7400.00000,
,,,00.000106000000,7800.00000,
,,,00.000106100000,7600.00000,
,,,00.000106200000,7600.00000,
,,,00.000106300000,8000.00000,
,,,00.000106400000,7800.00000,
,,,00.000106500000,8000.00000,
,,,00.000106600000,8000.00000,
,,,00.000106700000,7800.00000,
,,,00.000106800000,7800.00000,
,,,00.000106900000,8200.00000,
,,,00.000107000000,7800.00000,
,,,00.000107100000,8000.00000,
,,,00.000107200000,8000.00000,
,,,00.000107300000,8000.00000,
,,,00.000107400000,8000.00000,
,,,00.000107500000,8200.00000,
,,,00.000107600000,8000.00000,
,,,00.000107700000,8000.00000,
,,,00.000107800000,8200.00000,
,,,00.000107900000,8200.00000,
,,,00.000108000000,8400.00000,
,,,00.000108100000,8200.00000,
,,,00.000108200000,8200.00000,
,,,00.000108300000,8400.00000,
,,,00.000108400000,8000.00000,
,,,00.000108500000,8200.00000,
,,,00.000108600000,8600.00000,
,,,00.000108700000,8400.00000,
,,,00.000108800000,8400.00000,
,,,00.000108900000,8800.00000,
,,,00.000109000000,8600.00000,
,,,00.000109100000,8400.00000,
,,,00.000109200000,8400.00000,
,,,00.000109300000,8800.00000,
,,,00.000109400000,8800.00000,
,,,00.000109500000,8600.00000,
,,,00.000109600000,8800.00000,
,,,00.000109700000,9000.00000,
,,,00.000109800000,8800.00000,
,,,00.000109900000,8600.00000,
,,,00.000110000000,8800.00000,
,,,00.000110100000,8800.00000,
,,,00.000110200000,8800.00000,
,,,00.000110300000,8800.00000,
,,,00.000110400000,8800.00000,
,,,00.000110500000,8800.00000,
,,,00.000110600000,9000.00000,
,,,00.000110700000,9000.00000,
,,,00.000110800000,8800.00000,
,,,00.000110900000,9000.00000,
,,,00.000111000000,8800.00000,
,,,00.000111100000,8800.00000,
,,,00.000111200000,9000.00000,
,,,00.000111300000,9200.00000,
,,,00.000111400000,8800.00000,
,,,00.000111500000,9000.00000,
,,,00.000111600000,8800.00000,
,,,00.000111700000,9000.00000,
,,,00.000111800000,9200.00000,
,,,00.000111900000,9000.00000,
,,,00.000112000000,9200.00000,
,,,00.000112100000,9200.00000,
,,,00.000112200000,9200.00000,
,,,00.000112300000,9200.00000,
,,,00.000112400000,9200.00000,
,,,00.000112500000,9200.00000,
,,,00.000112600000,9000.00000,
,,,00.000112700000,9200.00000,
,,,00.000112800000,9600.00000,
,,,00.000112900000,9400.00000,
,,,00.000113000000,9400.00000,
,,,00.000113100000,9400.00000,
,,,00.000113200000,9200.00000,
,,,00.000113300000,9200.00000,
,,,00.000113400000,9400.00000,
,,,00.000113500000,9200.00000,
,,,00.000113600000,9200.00000,
,,,00.000113700000,9400.00000,
,,,00.000113800000,9400.00000,
,,,00.000113900000,9400.00000,
,,,00.000114000000,9400.00000,
,,,00.000114100000,9400.00000,
,,,00.000114200000,9400.00000,
,,,00.000114300000,9600.00000,
,,,00.000114400000,9400.00000,
,,,00.000114500000,9400.00000,
,,,00.000114600000,9600.00000,
,,,00.000114700000,9400.00000,
,,,00.000114800000,9400.00000,
,,,00.000114900000,9200.00000,
,,,00.000115000000,9600.00000,
,,,00.000115100000,9400.00000,
,,,00.000115200000,9400.00000,
,,,00.000115300000,9400.00000,
,,,00.000115400000,9400.00000,
,,,00.000115500000,9600.00000,
,,,00.000115600000,9200.00000,
,,,00.000115700000,9200.00000,
,,,00.000115800000,9600.00000,
,,,00.000115900000,9400.00000,
,,,00.000116000000,9400.00000,
,,,00.000116100000,9600.00000,
,,,00.000116200000,9600.00000,
,,,00.000116300000,9400.00000,
,,,00.000116400000,9400.00000,
,,,00.000116500000,9400.00000,
,,,00.000116600000,9400.00000,
,,,00.000116700000,9400.00000,
,,,00.000116800000,9400.00000,
,,,00.000116900000,9400.00000,
,,,00.000117000000,9400.00000,
,,,00.000117100000,9400.00000,
,,,00.000117200000,9400.00000,
,,,00.000117300000,9400.00000,
,,,00.000117400000,9200.00000,
,,,00.000117500000,9400.00000,
,,,00.000117600000,9400.00000,
,,,00.000117700000,9200.00000,
,,,00.000117800000,9200.00000,
,,,00.000117900000,9200.00000,
,,,00.000118000000,9400.00000,
,,,00.000118100000,9000.00000,
,,,00.000118200000,9000.00000,
,,,00.000118300000,9000.00000,
,,,00.000118400000,9400.00000,
,,,00.000118500000,9200.00000,
,,,00.000118600000,9000.00000,
,,,00.000118700000,9200.00000,
,,,00.000118800000,9000.00000,
,,,00.000118900000,9400.00000,
,,,00.000119000000,9000.00000,
,,,00.000119100000,9000.00000,
,,,00.000119200000,9200.00000,
,,,00.000119300000,9200.00000,
,,,00.000119400000,9000.00000,
,,,00.000119500000,8800.00000,
,,,00.000119600000,9000.00000,
,,,00.000119700000,9000.00000,
,,,00.000119800000,8800.00000,
,,,00.000119900000,9000.00000,
,,,00.000120000000,8600.00000,
,,,00.000120100000,8600.00000,
,,,00.000120200000,8800.00000,
,,,00.000120300000,8600.00000,
,,,00.000120400000,8600.00000,
,,,00.000120500000,8400.00000,
,,,00.000120600000,8400.00000,
,,,00.000120700000,8600.00000,
,,,00.000120800000,8400.00000,
,,,00.000120900000,8400.00000,
,,,00.000121000000,8200.00000,
,,,00.000121100000,8200.00000,
,,,00.000121200000,8400.00000,
,,,00.000121300000,8400.00000,
,,,00.000121400000,8400.00000,
,,,00.000121500000,8400.00000,
,,,00.000121600000,8200.00000,
,,,00.000121700000,8000.00000,
,,,00.000121800000,8000.00000,
,,,00.000121900000,8000.00000,
,,,00.000122000000,8200.00000,
,,,00.000122100000,8000.00000,
,,,00.000122200000,7800.00000,
,,,00.000122300000,7600.00000,
,,,00.000122400000,7600.00000,
,,,00.000122500000,7600.00000,
,,,00.000122600000,7800.00000,
,,,00.000122700000,7800.00000,
,,,00.000122800000,7600.00000,
,,,00.000122900000,7600.00000,
,,,00.000123000000,7400.00000,
,,,00.000123100000,7400.00000,
,,,00.000123200000,7600.00000,
,,,00.000123300000,7400.00000,
,,,00.000123400000,7400.00000,
,,,00.000123500000,7200.00000,
,,,00.000123600000,7400.00000,
,,,00.000123700000,7200.00000,
,,,00.000123800000,7200.00000,
,,,00.000123900000,7000.00000,
,,,00.000124000000,7000.00000,
,,,00.000124100000,7000.00000,
,,,00.000124200000,6800.00000,
,,,00.000124300000,7000.00000,
,,,00.000124400000,6800.00000,
,,,00.000124500000,6800.00000,
,,,00.000124600000,6800.00000,
,,,00.000124700000,6800.00000,
,,,00.000124800000,6800.00000,
,,,00.000124900000,6800.00000,
,,,00.000125000000,6600.00000,
,,,00.000125100000,6600.00000,
,,,00.000125200000,6400.00000,
,,,00.000125300000,6400.00000,
,,,00.000125400000,6400.00000,
,,,00.000125500000,6200.00000,
,,,00.000125600000,6200.00000,
,,,00.000125700000,6200.00000,
,,,00.000125800000,6400.00000,
,,,00.000125900000,6200.00000,
,,,00.000126000000,6000.00000,
,,,00.000126100000,6200.00000,
,,,00.000126200000,6000.00000,
,,,00.000126300000,5800.00000,
,,,00.000126400000,5800.00000,
,,,00.000126500000,5600.00000,
,,,00.000126600000,5600.00000,
,,,00.000126700000,5800.00000,
,,,00.000126800000,5800.00000,
,,,00.000126900000,5800.00000,
,,,00.000127000000,5600.00000,
,,,00.000127100000,5400.00000,
,,,00.000127200000,5400.00000,
,,,00.000127300000,5400.00000,
,,,00.000127400000,5600.00000,
,,,00.000127500000,5400.00000,
,,,00.000127600000,5200.00000,
,,,00.000127700000,5200.00000,
,,,00.000127800000,5200.00000,
,,,00.000127900000,5200.00000,
,,,00.000128000000,5400.00000,
,,,00.000128100000,5200.00000,
,,,00.000128200000,4800.00000,
,,,00.000128300000,5000.00000,
,,,00.000128400000,5000.00000,
,,,00.000128500000,5000.00000,
,,,00.000128600000,4800.00000,
,,,00.000128700000,4800.00000,
,,,00.000128800000,4800.00000,
,,,00.000128900000,4600.00000,
,,,00.000129000000,4600.00000,
,,,00.000129100000,4800.00000,
,,,00.000129200000,4800.00000,
,,,00.000129300000,4600.00000,
,,,00.000129400000,4400.00000,
,,,00.000129500000,4800.00000,
,,,00.000129600000,4400.00000,
,,,00.000129700000,4400.00000,
,,,00.000129800000,4200.00000,
,,,00.000129900000,4200.00000,
,,,00.000130000000,4200.00000,
,,,00.000130100000,4200.00000,
,,,00.000130200000,4000.00000,
,,,00.000130300000,4000.00000,
,,,00.000130400000,4000.00000,
,,,00.000130500000,4000.00000,
,,,00.000130600000,4000.00000,
,,,00.000130700000,3800.00000,
,,,00.000130800000,3600.00000,
,,,00.000130900000,3600.00000,
,,,00.000131000000,3800.00000,
,,,00.000131100000,3600.00000,
,,,00.000131200000,3800.00000,
,,,00.000131300000,3600.00000,
,,,00.000131400000,3400.00000,
,,,00.000131500000,3400.00000,
,,,00.000131600000,3200.00000,
,,,00.000131700000,3400.00000,
,,,00.000131800000,3400.00000,
,,,00.000131900000,3200.00000,
,,,00.000132000000,3400.00000,
,,,00.000132100000,3000.00000,
,,,00.000132200000,3000.00000,
,,,00.000132300000,3000.00000,
,,,00.000132400000,2800.00000,
,,,00.000132500000,2800.00000,
,,,00.000132600000,2800.00000,
,,,00.000132700000,3000.00000,
,,,00.000132800000,2800.00000,
,,,00.000132900000,2800.00000,
,,,00.000133000000,2600.00000,
,,,00.000133100000,2800.00000,
,,,00.000133200000,2400.00000,
,,,00.000133300000,2400.00000,
,,,00.000133400000,2600.00000,
,,,00.000133500000,2400.00000,
,,,00.000133600000,2600.00000,
,,,00.000133700000,2200.00000,
,,,00.000133800000,2200.00000,
,,,00.000133900000,2200.00000,
,,,00.000134000000,2200.00000,
,,,00.000134100000,2200.00000,
,,,00.000134200000,2200.00000,
,,,00.000134300000,2400.00000,
,,,00.000134400000,2000.00000,
,,,00.000134500000,2200.00000,
,,,00.000134600000,2000.00000,
,,,00.000134700000,1800.00000,
,,,00.000134800000,1800.00000,
,,,00.000134900000,1800.00000,
,,,00.000135000000,1800.00000,
,,,00.000135100000,1800.00000,
,,,00.000135200000,1600.00000,
,,,00.000135300000,1800.00000,
,,,00.000135400000,1800.00000,
,,,00.000135500000,1400.00000,
,,,00.000135600000,1400.00000,
,,,00.000135700000,1600.00000,
,,,00.000135800000,1400.00000,
,,,00.000135900000,1400.00000,
,,,00.000136000000,1400.00000,
,,,00.000136100000,1400.00000,
,,,00.000136200000,1200.00000,
,,,00.000136300000,1000.00000,
,,,00.000136400000,1200.00000,
,,,00.000136500000,1000.00000,
,,,00.000136600000,1200.00000,
,,,00.000136700000,1200.00000,
,,,00.000136800000, 800.00000,
,,,00.000136900000, 800.00000,
,,,00.000137000000, 800.00000,
,,,00.000137100000,1000.00000,
,,,00.000137200000, 800.00000,
,,,00.000137300000, 600.00000,
,,,00.000137400000, 400.00000,
,,,00.000137500000, 600.00000,
,,,00.000137600000, 600.00000,
,,,00.000137700000, 400.00000,
,,,00.000137800000, 600.00000,
,,,00.000137900000, 200.00000,
,,,00.000138000000, 400.00000,
,,,00.000138100000, 400.00000,
,,,00.000138200000, 200.00000,
,,,00.000138300000, 200.00000,
,,,00.000138400000,   0.00000,
,,,00.000138500000, 200.00000,
,,,00.000138600000, 200.00000,
,,,00.000138700000,   0.00000,
,,,00.000138800000,   0.00000,
,,,00.000138900000,   0.00000,
,,,00.000139000000,   0.00000,
,,,00.000139100000,-200.00000,
,,,00.000139200000,   0.00000,
,,,00.000139300000,-200.00000,
,,,00.000139400000,-200.00000,
,,,00.000139500000,-200.00000,
,,,00.000139600000,-400.00000,
,,,00.000139700000,-600.00000,
,,,00.000139800000,-600.00000,
,,,00.000139900000,-400.00000,
